current_x, current_y, calc_x, calc_y, distance
2.69, 0.76, 2.64, 0.87, 0.12
2.69, 0.76, 2.64, 0.87, 0.12
2.69, 0.76, 2.64, 0.87, 0.12
2.69, 0.76, 2.64, 0.87, 0.12
2.69, 0.76, 2.64, 0.87, 0.12
2.69, 0.77, 2.65, 0.87, 0.11
2.69, 0.76, 2.64, 0.87, 0.12
2.69, 0.77, 2.65, 0.87, 0.11
2.69, 0.76, 2.64, 0.87, 0.12
2.69, 0.77, 2.65, 0.87, 0.11
2.68, 0.76, 2.63, 0.86, 0.11
2.69, 0.76, 2.64, 0.87, 0.12
2.69, 0.77, 2.65, 0.87, 0.11
2.69, 0.76, 2.64, 0.87, 0.12
2.69, 0.76, 2.64, 0.87, 0.12
2.68, 0.76, 2.63, 0.86, 0.11
2.69, 0.76, 2.64, 0.87, 0.12
2.69, 0.76, 2.64, 0.87, 0.12
2.69, 0.76, 2.64, 0.87, 0.12
2.69, 0.76, 2.64, 0.87, 0.12
2.69, 0.76, 2.64, 0.87, 0.12
2.69, 0.76, 2.64, 0.87, 0.12
2.69, 0.76, 2.64, 0.87, 0.12
2.69, 0.76, 2.64, 0.87, 0.12
2.69, 0.76, 2.64, 0.87, 0.12
2.69, 0.76, 2.64, 0.87, 0.12
2.69, 0.76, 2.64, 0.87, 0.12
2.69, 0.76, 2.64, 0.87, 0.12
2.69, 0.76, 2.64, 0.87, 0.12
2.69, 0.76, 2.64, 0.87, 0.12
2.69, 0.76, 2.64, 0.87, 0.12
2.69, 0.76, 2.64, 0.87, 0.12
2.69, 0.76, 2.64, 0.87, 0.12
2.69, 0.76, 2.64, 0.87, 0.12
2.69, 0.76, 2.64, 0.87, 0.12
2.69, 0.76, 2.64, 0.87, 0.12
2.69, 0.76, 2.64, 0.87, 0.12
2.69, 0.76, 2.64, 0.87, 0.12
2.69, 0.76, 2.64, 0.87, 0.12
2.69, 0.76, 2.64, 0.87, 0.12
2.69, 0.76, 2.64, 0.87, 0.12
2.68, 0.76, 2.63, 0.86, 0.11
2.69, 0.76, 2.64, 0.87, 0.12
2.69, 0.76, 2.64, 0.87, 0.12
2.69, 0.76, 2.64, 0.87, 0.12
2.69, 0.76, 2.64, 0.87, 0.12
2.69, 0.76, 2.64, 0.87, 0.12
2.69, 0.76, 2.64, 0.87, 0.12
2.69, 0.76, 2.64, 0.87, 0.12
2.69, 0.76, 2.64, 0.87, 0.12
2.69, 0.76, 2.64, 0.87, 0.12
2.69, 0.77, 2.65, 0.87, 0.11
2.69, 0.76, 2.64, 0.87, 0.12
2.69, 0.76, 2.64, 0.87, 0.12
2.69, 0.76, 2.64, 0.87, 0.12
2.69, 0.77, 2.65, 0.87, 0.11
2.69, 0.76, 2.64, 0.87, 0.12
2.69, 0.76, 2.64, 0.87, 0.12
2.69, 0.76, 2.64, 0.87, 0.12
2.69, 0.76, 2.64, 0.87, 0.12
2.69, 0.76, 2.64, 0.87, 0.12
2.69, 0.76, 2.64, 0.87, 0.12
2.69, 0.76, 2.64, 0.87, 0.12
2.69, 0.76, 2.64, 0.87, 0.12
2.69, 0.76, 2.64, 0.87, 0.12
2.69, 0.76, 2.64, 0.87, 0.12
2.69, 0.76, 2.64, 0.87, 0.12
2.69, 0.76, 2.64, 0.87, 0.12
2.69, 0.76, 2.64, 0.87, 0.12
2.69, 0.76, 2.64, 0.87, 0.12
2.69, 0.76, 2.64, 0.87, 0.12
2.69, 0.76, 2.64, 0.87, 0.12
2.69, 0.76, 2.64, 0.87, 0.12
2.69, 0.76, 2.64, 0.87, 0.12
2.69, 0.77, 2.65, 0.87, 0.11
2.69, 0.76, 2.64, 0.87, 0.12
2.69, 0.76, 2.64, 0.87, 0.12
2.69, 0.76, 2.64, 0.87, 0.12
2.68, 0.76, 2.63, 0.86, 0.11
2.69, 0.77, 2.65, 0.87, 0.11
2.69, 0.76, 2.64, 0.87, 0.12
2.69, 0.76, 2.64, 0.87, 0.12
2.69, 0.76, 2.64, 0.87, 0.12
2.69, 0.77, 2.65, 0.87, 0.11
2.69, 0.76, 2.64, 0.87, 0.12
2.69, 0.76, 2.64, 0.87, 0.12
2.69, 0.76, 2.64, 0.87, 0.12
2.69, 0.76, 2.64, 0.87, 0.12
2.69, 0.76, 2.64, 0.87, 0.12
2.69, 0.76, 2.64, 0.87, 0.12
2.69, 0.76, 2.64, 0.87, 0.12
2.68, 0.76, 2.63, 0.86, 0.11
2.68, 0.76, 2.63, 0.86, 0.11
2.68, 0.75, 2.63, 0.86, 0.12
2.68, 0.75, 2.63, 0.86, 0.12
2.68, 0.74, 2.63, 0.86, 0.13
2.67, 0.74, 2.62, 0.86, 0.13
2.67, 0.73, 2.62, 0.85, 0.14
2.66, 0.73, 2.61, 0.85, 0.13
2.65, 0.72, 2.60, 0.85, 0.14
2.64, 0.72, 2.59, 0.84, 0.13
2.64, 0.72, 2.59, 0.84, 0.13
2.63, 0.71, 2.58, 0.84, 0.14
2.62, 0.71, 2.57, 0.84, 0.14
2.61, 0.70, 2.56, 0.83, 0.14
2.60, 0.70, 2.55, 0.83, 0.14
2.59, 0.70, 2.55, 0.83, 0.13
2.59, 0.70, 2.55, 0.83, 0.13
2.58, 0.70, 2.54, 0.82, 0.13
2.57, 0.69, 2.53, 0.82, 0.14
2.57, 0.69, 2.53, 0.82, 0.14
2.56, 0.69, 2.52, 0.82, 0.13
2.55, 0.68, 2.51, 0.81, 0.14
2.54, 0.68, 2.50, 0.81, 0.14
2.53, 0.68, 2.49, 0.81, 0.14
2.52, 0.68, 2.48, 0.81, 0.13
2.51, 0.68, 2.47, 0.80, 0.13
2.51, 0.68, 2.47, 0.80, 0.13
2.49, 0.67, 2.46, 0.80, 0.13
2.48, 0.67, 2.45, 0.80, 0.13
2.47, 0.67, 2.44, 0.80, 0.13
2.47, 0.67, 2.44, 0.80, 0.13
2.46, 0.67, 2.43, 0.79, 0.13
2.45, 0.67, 2.42, 0.79, 0.12
2.45, 0.66, 2.42, 0.79, 0.13
2.44, 0.66, 2.41, 0.79, 0.13
2.43, 0.66, 2.40, 0.79, 0.13
2.42, 0.66, 2.39, 0.79, 0.13
2.42, 0.66, 2.39, 0.79, 0.13
2.41, 0.66, 2.39, 0.78, 0.13
2.41, 0.66, 2.39, 0.78, 0.13
2.40, 0.65, 2.37, 0.78, 0.13
2.40, 0.66, 2.38, 0.78, 0.12
2.39, 0.66, 2.37, 0.78, 0.12
2.38, 0.66, 2.36, 0.78, 0.12
2.37, 0.66, 2.35, 0.78, 0.12
2.36, 0.65, 2.34, 0.78, 0.13
2.36, 0.66, 2.34, 0.78, 0.12
2.35, 0.66, 2.33, 0.77, 0.12
2.34, 0.66, 2.32, 0.77, 0.11
2.33, 0.65, 2.31, 0.77, 0.12
2.33, 0.65, 2.31, 0.77, 0.12
2.32, 0.65, 2.30, 0.77, 0.12
2.31, 0.66, 2.30, 0.77, 0.11
2.31, 0.66, 2.30, 0.77, 0.11
2.30, 0.65, 2.29, 0.77, 0.12
2.29, 0.65, 2.28, 0.77, 0.12
2.29, 0.66, 2.28, 0.77, 0.11
2.28, 0.66, 2.27, 0.77, 0.11
2.28, 0.66, 2.27, 0.77, 0.11
2.27, 0.65, 2.26, 0.77, 0.12
2.27, 0.66, 2.26, 0.77, 0.11
2.27, 0.66, 2.26, 0.77, 0.11
2.27, 0.66, 2.26, 0.77, 0.11
2.27, 0.66, 2.26, 0.77, 0.11
2.27, 0.66, 2.26, 0.77, 0.11
2.27, 0.66, 2.26, 0.77, 0.11
2.27, 0.66, 2.26, 0.77, 0.11
2.26, 0.66, 2.25, 0.76, 0.10
2.26, 0.66, 2.25, 0.76, 0.10
2.25, 0.66, 2.24, 0.76, 0.10
2.25, 0.66, 2.24, 0.76, 0.10
2.24, 0.66, 2.23, 0.76, 0.10
2.24, 0.67, 2.23, 0.76, 0.09
2.23, 0.67, 2.22, 0.76, 0.09
2.23, 0.67, 2.22, 0.76, 0.09
2.23, 0.67, 2.22, 0.76, 0.09
2.22, 0.67, 2.22, 0.76, 0.09
2.21, 0.67, 2.21, 0.76, 0.09
2.21, 0.68, 2.21, 0.76, 0.08
2.21, 0.68, 2.21, 0.76, 0.08
2.20, 0.68, 2.20, 0.76, 0.08
2.19, 0.68, 2.19, 0.76, 0.08
2.19, 0.68, 2.19, 0.76, 0.08
2.18, 0.68, 2.18, 0.76, 0.08
2.17, 0.68, 2.17, 0.76, 0.08
2.17, 0.68, 2.17, 0.76, 0.08
2.16, 0.68, 2.16, 0.76, 0.08
2.16, 0.68, 2.16, 0.76, 0.08
2.15, 0.68, 2.15, 0.76, 0.08
2.14, 0.68, 2.14, 0.76, 0.08
2.14, 0.68, 2.14, 0.76, 0.08
2.13, 0.68, 2.13, 0.76, 0.08
2.12, 0.68, 2.12, 0.76, 0.08
2.12, 0.68, 2.12, 0.76, 0.08
2.11, 0.68, 2.11, 0.76, 0.08
2.10, 0.68, 2.10, 0.76, 0.08
2.10, 0.68, 2.10, 0.76, 0.08
2.09, 0.68, 2.09, 0.76, 0.08
2.09, 0.68, 2.09, 0.76, 0.08
2.09, 0.68, 2.09, 0.76, 0.08
2.08, 0.68, 2.08, 0.76, 0.08
2.07, 0.68, 2.08, 0.76, 0.08
2.07, 0.67, 2.08, 0.76, 0.09
2.06, 0.67, 2.07, 0.76, 0.09
2.06, 0.67, 2.07, 0.76, 0.09
2.05, 0.67, 2.06, 0.76, 0.09
2.04, 0.67, 2.05, 0.76, 0.09
2.04, 0.67, 2.05, 0.76, 0.09
2.03, 0.67, 2.04, 0.77, 0.10
2.02, 0.67, 2.03, 0.77, 0.10
2.01, 0.67, 2.02, 0.77, 0.10
2.01, 0.67, 2.02, 0.77, 0.10
2.00, 0.67, 2.01, 0.77, 0.10
2.00, 0.67, 2.01, 0.77, 0.10
1.99, 0.66, 2.00, 0.77, 0.11
1.98, 0.66, 1.99, 0.77, 0.11
1.97, 0.66, 1.99, 0.77, 0.11
1.97, 0.66, 1.99, 0.77, 0.11
1.96, 0.66, 1.98, 0.77, 0.11
1.95, 0.66, 1.97, 0.77, 0.12
1.95, 0.66, 1.97, 0.77, 0.12
1.94, 0.66, 1.96, 0.78, 0.12
1.93, 0.66, 1.95, 0.78, 0.12
1.92, 0.66, 1.94, 0.78, 0.12
1.91, 0.66, 1.93, 0.78, 0.12
1.91, 0.66, 1.93, 0.78, 0.12
1.90, 0.66, 1.92, 0.78, 0.12
1.89, 0.66, 1.91, 0.78, 0.13
1.88, 0.67, 1.90, 0.79, 0.12
1.88, 0.67, 1.90, 0.79, 0.12
1.87, 0.67, 1.90, 0.79, 0.12
1.86, 0.67, 1.89, 0.79, 0.12
1.86, 0.67, 1.89, 0.79, 0.12
1.85, 0.67, 1.88, 0.79, 0.12
1.84, 0.67, 1.87, 0.79, 0.13
1.84, 0.67, 1.87, 0.79, 0.13
1.83, 0.68, 1.86, 0.80, 0.12
1.82, 0.68, 1.85, 0.80, 0.12
1.82, 0.68, 1.85, 0.80, 0.12
1.81, 0.68, 1.84, 0.80, 0.12
1.80, 0.68, 1.83, 0.80, 0.13
1.80, 0.69, 1.83, 0.80, 0.12
1.79, 0.69, 1.82, 0.81, 0.12
1.79, 0.69, 1.82, 0.81, 0.12
1.78, 0.69, 1.81, 0.81, 0.12
1.78, 0.69, 1.81, 0.81, 0.12
1.77, 0.69, 1.81, 0.81, 0.13
1.76, 0.70, 1.80, 0.81, 0.12
1.76, 0.70, 1.80, 0.81, 0.12
1.75, 0.70, 1.79, 0.82, 0.12
1.75, 0.70, 1.79, 0.82, 0.12
1.74, 0.70, 1.78, 0.82, 0.13
1.74, 0.70, 1.78, 0.82, 0.13
1.73, 0.70, 1.77, 0.82, 0.13
1.73, 0.71, 1.77, 0.82, 0.12
1.72, 0.71, 1.76, 0.83, 0.12
1.72, 0.71, 1.76, 0.83, 0.12
1.71, 0.71, 1.75, 0.83, 0.13
1.71, 0.72, 1.75, 0.83, 0.12
1.70, 0.72, 1.74, 0.83, 0.12
1.69, 0.72, 1.73, 0.83, 0.12
1.69, 0.72, 1.73, 0.83, 0.12
1.68, 0.73, 1.72, 0.84, 0.12
1.68, 0.73, 1.72, 0.84, 0.12
1.67, 0.73, 1.71, 0.84, 0.12
1.67, 0.74, 1.71, 0.84, 0.11
1.66, 0.74, 1.70, 0.85, 0.11
1.66, 0.74, 1.70, 0.85, 0.11
1.65, 0.74, 1.69, 0.85, 0.12
1.64, 0.75, 1.68, 0.85, 0.11
1.64, 0.75, 1.68, 0.85, 0.11
1.63, 0.76, 1.67, 0.86, 0.11
1.62, 0.76, 1.67, 0.86, 0.11
1.62, 0.76, 1.67, 0.86, 0.11
1.61, 0.77, 1.65, 0.87, 0.11
1.61, 0.77, 1.65, 0.87, 0.11
1.60, 0.78, 1.64, 0.87, 0.10
1.59, 0.78, 1.64, 0.88, 0.11
1.58, 0.79, 1.62, 0.88, 0.10
1.57, 0.80, 1.61, 0.89, 0.10
1.56, 0.80, 1.61, 0.89, 0.10
1.55, 0.80, 1.60, 0.89, 0.11
1.54, 0.81, 1.59, 0.90, 0.10
1.54, 0.82, 1.58, 0.90, 0.09
1.53, 0.83, 1.57, 0.91, 0.09
1.52, 0.84, 1.56, 0.91, 0.09
1.51, 0.84, 1.55, 0.92, 0.09
1.50, 0.85, 1.54, 0.92, 0.09
1.49, 0.85, 1.54, 0.93, 0.09
1.49, 0.86, 1.53, 0.93, 0.08
1.48, 0.87, 1.52, 0.94, 0.08
1.47, 0.88, 1.51, 0.94, 0.08
1.46, 0.88, 1.50, 0.95, 0.08
1.46, 0.88, 1.50, 0.95, 0.08
1.45, 0.88, 1.50, 0.95, 0.09
1.45, 0.89, 1.49, 0.96, 0.08
1.44, 0.90, 1.48, 0.96, 0.08
1.44, 0.90, 1.48, 0.96, 0.08
1.43, 0.90, 1.48, 0.97, 0.08
1.43, 0.91, 1.47, 0.97, 0.07
1.42, 0.91, 1.46, 0.97, 0.08
1.41, 0.91, 1.46, 0.98, 0.08
1.40, 0.92, 1.45, 0.99, 0.08
1.39, 0.93, 1.44, 0.99, 0.08
1.39, 0.93, 1.44, 0.99, 0.08
1.38, 0.94, 1.43, 1.00, 0.08
1.36, 0.95, 1.41, 1.01, 0.08
1.35, 0.96, 1.40, 1.02, 0.08
1.33, 0.97, 1.38, 1.04, 0.09
1.32, 0.98, 1.37, 1.04, 0.08
1.32, 0.99, 1.37, 1.05, 0.08
1.31, 1.00, 1.36, 1.06, 0.08
1.29, 1.01, 1.34, 1.07, 0.08
1.29, 1.02, 1.34, 1.07, 0.07
1.28, 1.02, 1.33, 1.08, 0.08
1.27, 1.03, 1.33, 1.09, 0.08
1.26, 1.04, 1.32, 1.10, 0.08
1.25, 1.06, 1.30, 1.11, 0.07
1.24, 1.06, 1.30, 1.12, 0.08
1.24, 1.06, 1.30, 1.12, 0.08
1.23, 1.07, 1.29, 1.13, 0.08
1.23, 1.07, 1.29, 1.13, 0.08
1.22, 1.09, 1.27, 1.14, 0.07
1.21, 1.09, 1.27, 1.14, 0.08
1.20, 1.09, 1.26, 1.15, 0.09
1.20, 1.10, 1.26, 1.15, 0.08
1.19, 1.11, 1.25, 1.16, 0.08
1.19, 1.11, 1.25, 1.16, 0.08
1.19, 1.12, 1.25, 1.17, 0.08
1.18, 1.12, 1.24, 1.17, 0.08
1.18, 1.12, 1.24, 1.17, 0.08
1.15, 1.16, 1.21, 1.21, 0.08
1.05, 1.31, 1.12, 1.35, 0.08
1.01, 1.38, 1.08, 1.42, 0.08
1.01, 1.39, 1.08, 1.42, 0.07
1.00, 1.41, 1.07, 1.44, 0.07
0.99, 1.43, 1.06, 1.46, 0.08
0.99, 1.44, 1.05, 1.47, 0.07
0.98, 1.47, 1.04, 1.50, 0.07
0.97, 1.49, 1.04, 1.52, 0.07
0.97, 1.50, 1.03, 1.52, 0.07
0.96, 1.51, 1.03, 1.54, 0.07
0.96, 1.52, 1.02, 1.54, 0.07
0.96, 1.53, 1.02, 1.55, 0.07
0.95, 1.53, 1.02, 1.56, 0.07
0.95, 1.55, 1.01, 1.57, 0.07
0.95, 1.56, 1.01, 1.58, 0.06
0.95, 1.57, 1.01, 1.59, 0.06
0.94, 1.58, 1.01, 1.60, 0.07
0.94, 1.59, 1.00, 1.61, 0.07
0.94, 1.60, 1.00, 1.62, 0.06
0.93, 1.61, 1.00, 1.63, 0.07
0.93, 1.62, 0.99, 1.64, 0.07
0.93, 1.63, 0.99, 1.65, 0.06
0.92, 1.64, 0.99, 1.66, 0.07
0.92, 1.65, 0.99, 1.67, 0.07
0.92, 1.66, 0.98, 1.68, 0.07
0.91, 1.67, 0.98, 1.69, 0.07
0.91, 1.68, 0.98, 1.70, 0.07
0.91, 1.69, 0.98, 1.70, 0.07
0.91, 1.69, 0.98, 1.70, 0.07
0.90, 1.70, 0.98, 1.72, 0.08
0.90, 1.71, 0.97, 1.72, 0.07
0.90, 1.72, 0.97, 1.73, 0.07
0.90, 1.73, 0.97, 1.74, 0.07
0.90, 1.73, 0.97, 1.74, 0.07
0.90, 1.74, 0.97, 1.75, 0.07
0.90, 1.74, 0.97, 1.75, 0.07
0.89, 1.75, 0.97, 1.76, 0.08
0.89, 1.76, 0.96, 1.77, 0.08
0.89, 1.77, 0.96, 1.78, 0.07
0.89, 1.77, 0.96, 1.78, 0.07
0.89, 1.78, 0.96, 1.79, 0.07
0.88, 1.79, 0.96, 1.80, 0.08
0.88, 1.79, 0.96, 1.80, 0.08
0.88, 1.80, 0.96, 1.81, 0.08
0.88, 1.81, 0.96, 1.82, 0.08
0.88, 1.82, 0.96, 1.83, 0.08
0.87, 1.82, 0.96, 1.83, 0.09
0.87, 1.83, 0.96, 1.84, 0.09
0.87, 1.84, 0.96, 1.85, 0.09
0.87, 1.84, 0.96, 1.85, 0.09
0.87, 1.86, 0.95, 1.87, 0.08
0.87, 1.86, 0.95, 1.87, 0.08
0.87, 1.88, 0.95, 1.89, 0.08
0.86, 1.88, 0.95, 1.89, 0.09
0.86, 1.89, 0.95, 1.89, 0.09
0.86, 1.90, 0.95, 1.90, 0.09
0.86, 1.91, 0.95, 1.91, 0.09
0.86, 1.91, 0.95, 1.91, 0.09
0.86, 1.93, 0.95, 1.93, 0.09
0.86, 1.93, 0.95, 1.93, 0.09
0.86, 1.95, 0.95, 1.95, 0.09
0.86, 1.95, 0.95, 1.95, 0.09
0.85, 1.96, 0.95, 1.96, 0.10
0.86, 1.96, 0.95, 1.96, 0.09
0.86, 1.97, 0.95, 1.97, 0.09
0.86, 1.98, 0.95, 1.98, 0.09
0.86, 1.98, 0.95, 1.98, 0.09
0.86, 2.00, 0.95, 2.00, 0.09
0.86, 2.00, 0.95, 2.00, 0.09
0.86, 2.01, 0.95, 2.01, 0.09
0.86, 2.02, 0.95, 2.02, 0.09
0.86, 2.03, 0.95, 2.03, 0.09
0.86, 2.04, 0.95, 2.04, 0.09
0.85, 2.05, 0.95, 2.05, 0.10
0.86, 2.05, 0.95, 2.05, 0.09
0.85, 2.06, 0.95, 2.06, 0.10
0.85, 2.06, 0.95, 2.06, 0.10
0.85, 2.07, 0.95, 2.07, 0.10
0.85, 2.07, 0.95, 2.07, 0.10
0.85, 2.07, 0.95, 2.07, 0.10
0.85, 2.08, 0.95, 2.08, 0.10
0.86, 2.08, 0.95, 2.08, 0.09
0.85, 2.09, 0.95, 2.09, 0.10
0.85, 2.10, 0.95, 2.10, 0.10
0.85, 2.10, 0.95, 2.10, 0.10
0.85, 2.11, 0.95, 2.11, 0.10
0.86, 2.12, 0.95, 2.12, 0.09
0.86, 2.12, 0.95, 2.12, 0.09
0.86, 2.14, 0.95, 2.14, 0.09
0.86, 2.14, 0.95, 2.14, 0.09
0.86, 2.16, 0.95, 2.16, 0.09
0.86, 2.17, 0.95, 2.17, 0.09
0.86, 2.17, 0.95, 2.17, 0.09
0.86, 2.18, 0.95, 2.18, 0.09
0.86, 2.19, 0.95, 2.19, 0.09
0.86, 2.20, 0.95, 2.20, 0.09
0.86, 2.21, 0.95, 2.21, 0.09
0.86, 2.22, 0.95, 2.22, 0.09
0.86, 2.23, 0.95, 2.23, 0.09
0.86, 2.24, 0.95, 2.24, 0.09
0.86, 2.25, 0.95, 2.25, 0.09
0.86, 2.26, 0.95, 2.26, 0.09
0.86, 2.27, 0.95, 2.27, 0.09
0.87, 2.28, 0.95, 2.28, 0.08
0.86, 2.30, 0.95, 2.30, 0.09
0.83, 2.17, 0.95, 2.17, 0.12
0.86, 2.31, 0.95, 2.31, 0.09
0.86, 2.32, 0.95, 2.32, 0.09
0.83, 2.18, 0.95, 2.18, 0.12
0.83, 2.19, 0.95, 2.19, 0.12
0.86, 2.33, 0.95, 2.33, 0.09
0.83, 2.20, 0.95, 2.20, 0.12
0.83, 2.21, 0.95, 2.21, 0.12
0.86, 2.34, 0.95, 2.34, 0.09
0.83, 2.21, 0.95, 2.21, 0.12
0.87, 2.34, 0.95, 2.34, 0.08
0.86, 2.35, 0.95, 2.35, 0.09
0.83, 2.22, 0.95, 2.22, 0.12
0.86, 2.35, 0.95, 2.35, 0.09
0.86, 2.36, 0.95, 2.36, 0.09
0.83, 2.22, 0.95, 2.22, 0.12
0.83, 2.23, 0.95, 2.23, 0.12
0.86, 2.37, 0.95, 2.37, 0.09
0.83, 2.23, 0.95, 2.23, 0.12
0.86, 2.37, 0.95, 2.37, 0.09
0.83, 2.24, 0.95, 2.24, 0.12
0.83, 2.24, 0.95, 2.24, 0.12
0.87, 2.37, 0.95, 2.37, 0.08
0.83, 2.25, 0.95, 2.25, 0.12
0.83, 2.25, 0.95, 2.25, 0.12
0.83, 2.26, 0.95, 2.26, 0.12
0.83, 2.27, 0.95, 2.27, 0.12
0.83, 2.28, 0.95, 2.28, 0.12
0.83, 2.28, 0.95, 2.28, 0.12
0.83, 2.29, 0.95, 2.29, 0.12
0.83, 2.30, 0.95, 2.30, 0.12
0.83, 2.31, 0.95, 2.31, 0.12
0.83, 2.32, 0.95, 2.32, 0.12
0.83, 2.33, 0.95, 2.33, 0.12
0.82, 2.34, 0.95, 2.34, 0.13
0.82, 2.35, 0.95, 2.35, 0.13
0.82, 2.36, 0.95, 2.36, 0.13
0.82, 2.37, 0.95, 2.37, 0.13
0.82, 2.37, 0.95, 2.37, 0.13
0.82, 2.38, 0.95, 2.38, 0.13
0.82, 2.39, 0.95, 2.39, 0.13
0.82, 2.40, 0.95, 2.40, 0.13
0.82, 2.41, 0.95, 2.41, 0.13
0.82, 2.41, 0.95, 2.41, 0.13
0.82, 2.42, 0.95, 2.42, 0.13
0.82, 2.43, 0.95, 2.43, 0.13
0.82, 2.44, 0.95, 2.44, 0.13
0.82, 2.44, 0.95, 2.44, 0.13
0.82, 2.46, 0.95, 2.46, 0.13
0.83, 2.46, 0.95, 2.46, 0.12
0.83, 2.47, 0.95, 2.47, 0.12
0.83, 2.48, 0.95, 2.48, 0.12
0.83, 2.49, 0.95, 2.49, 0.12
0.83, 2.50, 0.95, 2.50, 0.12
0.83, 2.51, 0.95, 2.51, 0.12
0.83, 2.52, 0.95, 2.52, 0.12
0.83, 2.53, 0.95, 2.53, 0.12
0.83, 2.53, 0.95, 2.53, 0.12
0.83, 2.54, 0.95, 2.54, 0.12
0.83, 2.55, 0.95, 2.55, 0.12
0.83, 2.56, 0.95, 2.56, 0.12
0.83, 2.57, 0.95, 2.57, 0.12
0.84, 2.57, 0.95, 2.57, 0.11
0.83, 2.58, 0.95, 2.58, 0.12
0.84, 2.59, 0.95, 2.59, 0.11
0.84, 2.59, 0.95, 2.59, 0.11
0.84, 2.60, 0.95, 2.60, 0.11
0.84, 2.61, 0.95, 2.61, 0.11
0.84, 2.62, 0.95, 2.62, 0.11
0.84, 2.63, 0.95, 2.63, 0.11
0.84, 2.63, 0.95, 2.63, 0.11
0.84, 2.64, 0.95, 2.64, 0.11
0.84, 2.65, 0.95, 2.65, 0.11
0.84, 2.66, 0.95, 2.66, 0.11
0.84, 2.67, 0.95, 2.67, 0.11
0.84, 2.68, 0.95, 2.68, 0.11
0.84, 2.69, 0.95, 2.69, 0.11
0.84, 2.69, 0.95, 2.69, 0.11
0.84, 2.70, 0.95, 2.70, 0.11
0.84, 2.71, 0.95, 2.71, 0.11
0.84, 2.72, 0.95, 2.72, 0.11
0.84, 2.73, 0.95, 2.73, 0.11
0.84, 2.74, 0.95, 2.74, 0.11
0.84, 2.74, 0.95, 2.74, 0.11
0.84, 2.75, 0.95, 2.75, 0.11
0.84, 2.76, 0.95, 2.76, 0.11
0.84, 2.76, 0.95, 2.76, 0.11
0.84, 2.77, 0.95, 2.77, 0.11
0.84, 2.78, 0.95, 2.78, 0.11
0.84, 2.78, 0.95, 2.78, 0.11
0.84, 2.79, 0.95, 2.79, 0.11
0.84, 2.79, 0.95, 2.79, 0.11
0.85, 2.80, 0.95, 2.80, 0.10
0.84, 2.80, 0.95, 2.80, 0.11
0.84, 2.81, 0.95, 2.81, 0.11
0.84, 2.82, 0.95, 2.82, 0.11
0.84, 2.82, 0.95, 2.82, 0.11
0.84, 2.83, 0.95, 2.83, 0.11
0.84, 2.83, 0.95, 2.83, 0.11
0.84, 2.83, 0.95, 2.83, 0.11
0.84, 2.84, 0.95, 2.84, 0.11
0.84, 2.84, 0.95, 2.84, 0.11
0.84, 2.84, 0.95, 2.84, 0.11
0.84, 2.84, 0.95, 2.84, 0.11
0.84, 2.84, 0.95, 2.84, 0.11
0.84, 2.84, 0.95, 2.84, 0.11
0.84, 2.84, 0.95, 2.84, 0.11
0.84, 2.84, 0.95, 2.84, 0.11
0.84, 2.84, 0.95, 2.84, 0.11
0.84, 2.84, 0.95, 2.84, 0.11
0.84, 2.84, 0.95, 2.84, 0.11
0.84, 2.84, 0.95, 2.84, 0.11
0.84, 2.84, 0.95, 2.84, 0.11
0.84, 2.84, 0.95, 2.84, 0.11
0.84, 2.84, 0.95, 2.84, 0.11
0.84, 2.84, 0.95, 2.84, 0.11
0.84, 2.84, 0.95, 2.84, 0.11
0.84, 2.84, 0.95, 2.84, 0.11
0.84, 2.84, 0.95, 2.84, 0.11
0.84, 2.84, 0.95, 2.84, 0.11
0.84, 2.84, 0.95, 2.84, 0.11
0.84, 2.84, 0.95, 2.84, 0.11
0.84, 2.84, 0.95, 2.84, 0.11
0.84, 2.84, 0.95, 2.84, 0.11
0.84, 2.84, 0.95, 2.84, 0.11
0.84, 2.84, 0.95, 2.84, 0.11
0.84, 2.84, 0.95, 2.84, 0.11
0.84, 2.84, 0.95, 2.84, 0.11
0.84, 2.84, 0.95, 2.84, 0.11
0.84, 2.84, 0.95, 2.84, 0.11
0.84, 2.85, 0.95, 2.85, 0.11
0.84, 2.85, 0.95, 2.85, 0.11
0.84, 2.86, 0.95, 2.86, 0.11
0.84, 2.87, 0.95, 2.87, 0.11
0.85, 2.87, 0.95, 2.87, 0.10
0.84, 2.88, 0.95, 2.88, 0.11
0.84, 2.89, 0.95, 2.89, 0.11
0.85, 2.90, 0.95, 2.90, 0.10
0.85, 2.90, 0.95, 2.90, 0.10
0.85, 2.91, 0.95, 2.91, 0.10
0.85, 2.92, 0.95, 2.92, 0.10
0.85, 2.93, 0.95, 2.93, 0.10
0.85, 2.94, 0.95, 2.94, 0.10
0.85, 2.95, 0.95, 2.95, 0.10
0.85, 2.95, 0.95, 2.95, 0.10
0.85, 2.96, 0.95, 2.96, 0.10
0.85, 2.96, 0.95, 2.96, 0.10
0.85, 2.97, 0.95, 2.97, 0.10
0.85, 2.97, 0.95, 2.97, 0.10
0.85, 2.98, 0.95, 2.98, 0.10
0.85, 2.99, 0.95, 2.99, 0.10
0.86, 2.99, 0.95, 2.99, 0.09
0.86, 3.00, 0.95, 3.00, 0.09
0.86, 3.00, 0.95, 3.00, 0.09
0.86, 3.01, 0.95, 3.01, 0.09
0.86, 3.02, 0.95, 3.02, 0.09
0.86, 3.02, 0.95, 3.02, 0.09
0.86, 3.04, 0.95, 3.04, 0.09
0.86, 3.04, 0.95, 3.04, 0.09
0.86, 3.05, 0.95, 3.05, 0.09
0.86, 3.06, 0.95, 3.06, 0.09
0.86, 3.06, 0.95, 3.06, 0.09
0.86, 3.07, 0.95, 3.07, 0.09
0.86, 3.07, 0.95, 3.07, 0.09
0.86, 3.07, 0.95, 3.07, 0.09
0.86, 3.08, 0.95, 3.08, 0.09
0.86, 3.08, 0.95, 3.08, 0.09
0.86, 3.09, 0.95, 3.09, 0.09
0.86, 3.10, 0.95, 3.10, 0.09
0.86, 3.10, 0.95, 3.10, 0.09
0.86, 3.11, 0.95, 3.11, 0.09
0.86, 3.11, 0.95, 3.11, 0.09
0.86, 3.12, 0.95, 3.12, 0.09
0.86, 3.12, 0.95, 3.12, 0.09
0.86, 3.13, 0.95, 3.13, 0.09
0.86, 3.13, 0.95, 3.13, 0.09
0.86, 3.14, 0.95, 3.14, 0.09
0.86, 3.14, 0.95, 3.14, 0.09
0.86, 3.15, 0.95, 3.15, 0.09
0.86, 3.16, 0.95, 3.16, 0.09
0.86, 3.16, 0.95, 3.16, 0.09
0.86, 3.17, 0.95, 3.17, 0.09
0.86, 3.18, 0.95, 3.18, 0.09
0.86, 3.19, 0.95, 3.19, 0.09
0.86, 3.19, 0.95, 3.19, 0.09
0.86, 3.21, 0.95, 3.21, 0.09
0.86, 3.22, 0.95, 3.22, 0.09
0.86, 3.23, 0.95, 3.23, 0.09
0.86, 3.23, 0.95, 3.23, 0.09
0.86, 3.24, 0.95, 3.24, 0.09
0.86, 3.25, 0.95, 3.25, 0.09
0.86, 3.25, 0.95, 3.25, 0.09
0.86, 3.26, 0.95, 3.26, 0.09
0.86, 3.27, 0.95, 3.27, 0.09
0.86, 3.28, 0.95, 3.28, 0.09
0.86, 3.29, 0.95, 3.29, 0.09
0.86, 3.29, 0.95, 3.29, 0.09
0.86, 3.30, 0.95, 3.30, 0.09
0.86, 3.31, 0.95, 3.31, 0.09
0.86, 3.32, 0.95, 3.32, 0.09
0.86, 3.32, 0.95, 3.32, 0.09
0.87, 3.33, 0.95, 3.33, 0.08
0.86, 3.34, 0.95, 3.34, 0.09
0.87, 3.35, 0.95, 3.35, 0.08
0.87, 3.36, 0.95, 3.36, 0.08
0.87, 3.37, 0.95, 3.37, 0.08
0.87, 3.38, 0.95, 3.38, 0.08
0.87, 3.39, 0.95, 3.39, 0.08
0.87, 3.40, 0.95, 3.40, 0.08
0.87, 3.41, 0.95, 3.41, 0.08
0.87, 3.41, 0.95, 3.41, 0.08
0.87, 3.42, 0.95, 3.42, 0.08
0.87, 3.43, 0.95, 3.43, 0.08
0.87, 3.43, 0.95, 3.43, 0.08
0.87, 3.44, 0.95, 3.44, 0.08
0.87, 3.44, 0.95, 3.44, 0.08
0.87, 3.45, 0.95, 3.45, 0.08
0.87, 3.45, 0.95, 3.45, 0.08
0.87, 3.46, 0.95, 3.46, 0.08
0.87, 3.46, 0.95, 3.46, 0.08
0.87, 3.47, 0.95, 3.47, 0.08
0.87, 3.47, 0.95, 3.47, 0.08
0.87, 3.48, 0.95, 3.48, 0.08
0.87, 3.48, 0.95, 3.48, 0.08
0.87, 3.49, 0.95, 3.49, 0.08
0.87, 3.49, 0.95, 3.49, 0.08
0.87, 3.50, 0.95, 3.50, 0.08
0.87, 3.51, 0.95, 3.51, 0.08
0.87, 3.52, 0.95, 3.52, 0.08
0.87, 3.53, 0.95, 3.53, 0.08
0.87, 3.53, 0.95, 3.53, 0.08
0.87, 3.54, 0.95, 3.54, 0.08
0.87, 3.54, 0.95, 3.54, 0.08
0.86, 3.55, 0.95, 3.55, 0.09
0.86, 3.55, 0.95, 3.55, 0.09
0.86, 3.56, 0.95, 3.56, 0.09
0.86, 3.56, 0.95, 3.56, 0.09
0.86, 3.57, 0.95, 3.57, 0.09
0.86, 3.57, 0.95, 3.57, 0.09
0.86, 3.58, 0.95, 3.58, 0.09
0.86, 3.58, 0.95, 3.58, 0.09
0.86, 3.59, 0.95, 3.59, 0.09
0.86, 3.60, 0.95, 3.60, 0.09
0.86, 3.60, 0.95, 3.60, 0.09
0.86, 3.61, 0.95, 3.61, 0.09
0.86, 3.62, 0.95, 3.62, 0.09
0.86, 3.62, 0.95, 3.62, 0.09
0.86, 3.63, 0.95, 3.63, 0.09
0.86, 3.64, 0.95, 3.64, 0.09
0.86, 3.64, 0.95, 3.64, 0.09
0.85, 3.65, 0.95, 3.65, 0.10
0.79, 3.69, 0.95, 3.69, 0.16
0.79, 3.69, 0.95, 3.69, 0.16
0.79, 3.69, 0.95, 3.69, 0.16
0.85, 3.65, 0.95, 3.65, 0.10
0.85, 3.66, 0.95, 3.66, 0.10
0.85, 3.67, 0.95, 3.67, 0.10
0.85, 3.67, 0.95, 3.67, 0.10
0.85, 3.68, 0.95, 3.68, 0.10
0.79, 3.70, 0.95, 3.70, 0.16
0.85, 3.68, 0.95, 3.68, 0.10
0.85, 3.69, 0.95, 3.69, 0.10
0.85, 3.70, 0.95, 3.70, 0.10
0.85, 3.70, 0.95, 3.70, 0.10
0.84, 3.71, 0.95, 3.71, 0.11
0.84, 3.72, 0.95, 3.72, 0.11
0.84, 3.72, 0.95, 3.72, 0.11
0.84, 3.73, 0.95, 3.73, 0.11
0.84, 3.74, 0.95, 3.74, 0.11
0.84, 3.75, 0.95, 3.75, 0.11
0.79, 3.71, 0.95, 3.71, 0.16
0.84, 3.76, 0.95, 3.76, 0.11
0.84, 3.76, 0.95, 3.76, 0.11
0.84, 3.77, 0.95, 3.77, 0.11
0.84, 3.77, 0.95, 3.77, 0.11
0.84, 3.78, 0.95, 3.78, 0.11
0.83, 3.78, 0.95, 3.78, 0.12
0.83, 3.79, 0.95, 3.79, 0.12
0.83, 3.79, 0.95, 3.79, 0.12
0.83, 3.80, 0.95, 3.80, 0.12
0.83, 3.81, 0.95, 3.81, 0.12
0.79, 3.72, 0.95, 3.72, 0.16
0.83, 3.81, 0.95, 3.81, 0.12
0.83, 3.82, 0.95, 3.82, 0.12
0.83, 3.83, 0.95, 3.83, 0.12
0.83, 3.84, 0.95, 3.84, 0.12
0.78, 3.73, 0.95, 3.73, 0.17
0.83, 3.84, 0.95, 3.84, 0.12
0.78, 3.74, 0.95, 3.74, 0.17
0.82, 3.85, 0.95, 3.85, 0.13
0.78, 3.74, 0.95, 3.74, 0.17
0.82, 3.86, 0.95, 3.86, 0.13
0.78, 3.75, 0.95, 3.75, 0.17
0.82, 3.87, 0.95, 3.87, 0.13
0.78, 3.75, 0.95, 3.75, 0.17
0.82, 3.87, 0.95, 3.87, 0.13
0.78, 3.76, 0.95, 3.76, 0.17
0.82, 3.87, 0.95, 3.87, 0.13
0.78, 3.76, 0.95, 3.76, 0.17
0.78, 3.77, 0.95, 3.77, 0.17
0.82, 3.87, 0.95, 3.87, 0.13
0.82, 3.88, 0.95, 3.88, 0.13
0.78, 3.77, 0.95, 3.77, 0.17
0.82, 3.88, 0.95, 3.88, 0.13
0.78, 3.78, 0.95, 3.78, 0.17
0.82, 3.89, 0.95, 3.89, 0.13
0.78, 3.78, 0.95, 3.78, 0.17
0.82, 3.90, 0.95, 3.90, 0.13
0.78, 3.79, 0.95, 3.79, 0.17
0.82, 3.91, 0.95, 3.91, 0.13
0.78, 3.80, 0.95, 3.80, 0.17
0.78, 3.81, 0.95, 3.81, 0.17
0.82, 3.91, 0.95, 3.91, 0.13
0.77, 3.82, 0.95, 3.82, 0.18
0.82, 3.92, 0.95, 3.92, 0.13
0.82, 3.93, 0.95, 3.93, 0.13
0.78, 3.82, 0.95, 3.82, 0.17
0.81, 3.94, 0.95, 3.94, 0.14
0.77, 3.83, 0.95, 3.83, 0.18
0.81, 3.94, 0.95, 3.94, 0.14
0.77, 3.83, 0.95, 3.83, 0.18
0.81, 3.94, 0.95, 3.94, 0.14
0.77, 3.84, 0.95, 3.84, 0.18
0.81, 3.95, 0.95, 3.95, 0.14
0.77, 3.84, 0.95, 3.84, 0.18
0.77, 3.84, 0.95, 3.84, 0.18
0.81, 3.95, 0.95, 3.95, 0.14
0.76, 3.84, 0.95, 3.84, 0.19
0.81, 3.95, 0.95, 3.95, 0.14
0.81, 3.96, 0.95, 3.96, 0.14
0.76, 3.85, 0.95, 3.85, 0.19
0.81, 3.96, 0.95, 3.96, 0.14
0.80, 3.96, 0.95, 3.96, 0.15
0.76, 3.85, 0.95, 3.85, 0.19
0.76, 3.85, 0.95, 3.85, 0.19
0.80, 3.96, 0.95, 3.96, 0.15
0.76, 3.86, 0.95, 3.86, 0.19
0.80, 3.97, 0.95, 3.97, 0.15
0.76, 3.86, 0.95, 3.86, 0.19
0.76, 3.87, 0.95, 3.87, 0.19
0.80, 3.97, 0.95, 3.97, 0.15
0.80, 3.98, 0.95, 3.98, 0.15
0.76, 3.87, 0.95, 3.87, 0.19
0.80, 3.98, 0.95, 3.98, 0.15
0.76, 3.87, 0.95, 3.87, 0.19
0.80, 3.99, 0.95, 3.99, 0.15
0.76, 3.88, 0.95, 3.88, 0.19
0.80, 4.00, 0.95, 4.00, 0.15
0.76, 3.89, 0.95, 3.89, 0.19
0.76, 3.90, 0.95, 3.90, 0.19
0.80, 4.01, 0.95, 4.01, 0.15
0.75, 3.91, 0.95, 3.91, 0.20
0.80, 4.01, 0.95, 4.01, 0.15
0.75, 3.91, 0.95, 3.91, 0.20
0.75, 3.91, 0.95, 3.91, 0.20
0.80, 4.03, 0.95, 4.03, 0.15
0.75, 3.92, 0.95, 3.92, 0.20
0.80, 4.03, 0.95, 4.03, 0.15
0.75, 3.92, 0.95, 3.92, 0.20
0.80, 4.04, 0.95, 4.04, 0.15
0.75, 3.93, 0.95, 3.93, 0.20
0.80, 4.04, 0.95, 4.04, 0.15
0.75, 3.93, 0.95, 3.93, 0.20
0.75, 3.94, 0.95, 3.94, 0.20
0.79, 4.05, 0.95, 4.05, 0.16
0.75, 3.94, 0.95, 3.94, 0.20
0.79, 4.06, 0.95, 4.06, 0.16
0.75, 3.95, 0.95, 3.95, 0.20
0.79, 4.07, 0.95, 4.07, 0.16
0.75, 3.96, 0.95, 3.96, 0.20
0.75, 3.96, 0.95, 3.96, 0.20
0.79, 4.07, 0.95, 4.07, 0.16
0.79, 4.08, 0.95, 4.08, 0.16
0.74, 3.97, 0.95, 3.97, 0.21
0.79, 4.08, 0.95, 4.08, 0.16
0.74, 3.98, 0.95, 3.98, 0.21
0.79, 4.09, 0.95, 4.08, 0.16
0.74, 3.98, 0.95, 3.98, 0.21
0.79, 4.09, 0.95, 4.08, 0.16
0.74, 3.99, 0.95, 3.99, 0.21
0.79, 4.10, 0.95, 4.09, 0.16
0.74, 3.99, 0.95, 3.99, 0.21
0.78, 4.12, 0.95, 4.11, 0.17
0.78, 4.13, 0.95, 4.12, 0.17
0.78, 4.13, 0.95, 4.12, 0.17
0.78, 4.14, 0.95, 4.13, 0.17
0.78, 4.15, 0.95, 4.14, 0.17
0.78, 4.16, 0.95, 4.15, 0.17
0.78, 4.16, 0.95, 4.15, 0.17
0.78, 4.18, 0.96, 4.16, 0.18
0.78, 4.20, 0.96, 4.18, 0.18
0.79, 4.22, 0.96, 4.20, 0.17
0.79, 4.23, 0.96, 4.21, 0.17
0.79, 4.25, 0.96, 4.22, 0.18
0.79, 4.26, 0.96, 4.23, 0.18
0.80, 4.27, 0.97, 4.24, 0.17
0.80, 4.28, 0.97, 4.25, 0.17
0.81, 4.31, 0.97, 4.28, 0.17
0.74, 4.00, 0.95, 4.00, 0.21
0.74, 4.01, 0.95, 4.01, 0.21
0.74, 4.01, 0.95, 4.01, 0.21
0.74, 4.02, 0.95, 4.02, 0.21
0.74, 4.03, 0.95, 4.03, 0.21
0.74, 4.04, 0.95, 4.04, 0.21
0.74, 4.04, 0.95, 4.04, 0.21
0.74, 4.05, 0.95, 4.05, 0.21
0.74, 4.06, 0.95, 4.06, 0.21
0.74, 4.07, 0.95, 4.07, 0.21
0.74, 4.08, 0.95, 4.07, 0.21
0.74, 4.08, 0.95, 4.07, 0.21
0.74, 4.09, 0.95, 4.08, 0.21
0.74, 4.10, 0.95, 4.09, 0.21
0.74, 4.11, 0.95, 4.10, 0.21
0.74, 4.12, 0.95, 4.11, 0.21
0.75, 4.13, 0.95, 4.12, 0.20
0.75, 4.15, 0.95, 4.13, 0.20
0.75, 4.15, 0.95, 4.13, 0.20
0.75, 4.16, 0.95, 4.14, 0.20
0.76, 4.18, 0.96, 4.16, 0.20
0.76, 4.19, 0.96, 4.17, 0.20
0.76, 4.20, 0.96, 4.18, 0.20
0.76, 4.21, 0.96, 4.19, 0.20
0.77, 4.22, 0.96, 4.20, 0.19
0.77, 4.23, 0.96, 4.20, 0.19
0.77, 4.24, 0.96, 4.21, 0.19
0.77, 4.25, 0.96, 4.22, 0.20
0.78, 4.26, 0.96, 4.23, 0.19
0.78, 4.26, 0.96, 4.23, 0.19
0.78, 4.27, 0.97, 4.24, 0.19
0.78, 4.28, 0.97, 4.25, 0.19
0.78, 4.29, 0.97, 4.26, 0.19
0.78, 4.29, 0.97, 4.26, 0.19
0.79, 4.30, 0.97, 4.27, 0.18
0.79, 4.31, 0.97, 4.27, 0.19
0.79, 4.31, 0.97, 4.27, 0.19
0.79, 4.32, 0.97, 4.28, 0.19
0.80, 4.32, 0.97, 4.28, 0.18
0.80, 4.33, 0.98, 4.29, 0.18
0.80, 4.33, 0.98, 4.29, 0.18
0.81, 4.34, 0.98, 4.30, 0.17
0.81, 4.35, 0.98, 4.31, 0.17
0.81, 4.35, 0.98, 4.31, 0.17
0.82, 4.36, 0.98, 4.32, 0.17
0.83, 4.37, 0.99, 4.33, 0.16
0.83, 4.38, 0.99, 4.34, 0.16
0.84, 4.39, 0.99, 4.35, 0.16
0.84, 4.40, 0.99, 4.36, 0.16
0.85, 4.41, 0.99, 4.37, 0.15
0.85, 4.42, 1.00, 4.38, 0.15
0.86, 4.43, 1.00, 4.39, 0.15
0.86, 4.44, 1.00, 4.40, 0.15
0.87, 4.45, 1.01, 4.41, 0.14
0.87, 4.45, 1.01, 4.41, 0.14
0.88, 4.47, 1.01, 4.43, 0.14
0.88, 4.48, 1.02, 4.43, 0.14
0.89, 4.49, 1.02, 4.44, 0.14
0.89, 4.50, 1.02, 4.45, 0.14
0.90, 4.52, 1.03, 4.47, 0.14
0.90, 4.52, 1.03, 4.47, 0.14
0.91, 4.54, 1.04, 4.49, 0.14
0.92, 4.55, 1.04, 4.50, 0.13
0.93, 4.56, 1.04, 4.51, 0.12
0.93, 4.57, 1.05, 4.52, 0.13
0.94, 4.59, 1.06, 4.54, 0.13
0.94, 4.60, 1.06, 4.54, 0.13
0.95, 4.61, 1.06, 4.56, 0.13
0.95, 4.62, 1.07, 4.56, 0.13
0.95, 4.63, 1.07, 4.57, 0.14
0.96, 4.64, 1.08, 4.58, 0.13
0.96, 4.65, 1.08, 4.59, 0.14
0.97, 4.66, 1.09, 4.60, 0.13
0.97, 4.66, 1.09, 4.60, 0.13
1.03, 4.75, 1.14, 4.68, 0.12
1.03, 4.75, 1.14, 4.68, 0.12
1.03, 4.75, 1.14, 4.68, 0.12
1.03, 4.75, 1.14, 4.68, 0.12
1.03, 4.75, 1.14, 4.68, 0.12
1.03, 4.75, 1.14, 4.68, 0.12
1.03, 4.75, 1.14, 4.68, 0.12
1.03, 4.75, 1.14, 4.68, 0.12
1.03, 4.75, 1.14, 4.68, 0.12
1.03, 4.75, 1.14, 4.68, 0.12
1.03, 4.75, 1.14, 4.68, 0.12
1.03, 4.75, 1.14, 4.68, 0.12
1.03, 4.75, 1.14, 4.68, 0.12
1.03, 4.75, 1.14, 4.68, 0.12
1.03, 4.75, 1.14, 4.68, 0.12
1.03, 4.75, 1.14, 4.68, 0.12
1.03, 4.75, 1.14, 4.68, 0.12
1.03, 4.75, 1.14, 4.68, 0.12
1.03, 4.75, 1.14, 4.68, 0.12
1.03, 4.75, 1.14, 4.68, 0.12
1.03, 4.75, 1.14, 4.68, 0.12
1.02, 4.75, 1.13, 4.68, 0.13
1.03, 4.75, 1.14, 4.68, 0.12
1.03, 4.75, 1.14, 4.68, 0.12
1.03, 4.75, 1.14, 4.68, 0.12
1.03, 4.75, 1.14, 4.68, 0.12
1.03, 4.75, 1.14, 4.68, 0.12
1.03, 4.75, 1.14, 4.68, 0.12
1.03, 4.75, 1.14, 4.68, 0.12
1.02, 4.75, 1.13, 4.68, 0.13
1.02, 4.76, 1.14, 4.69, 0.14
1.03, 4.76, 1.14, 4.69, 0.13
1.03, 4.76, 1.14, 4.69, 0.13
1.03, 4.77, 1.14, 4.70, 0.14
1.03, 4.77, 1.14, 4.70, 0.14
1.03, 4.78, 1.15, 4.70, 0.14
1.03, 4.78, 1.15, 4.70, 0.14
1.03, 4.79, 1.15, 4.71, 0.15
1.04, 4.79, 1.15, 4.71, 0.14
1.04, 4.80, 1.16, 4.72, 0.14
1.04, 4.81, 1.16, 4.73, 0.15
1.05, 4.81, 1.17, 4.73, 0.14
1.05, 4.82, 1.17, 4.74, 0.15
1.05, 4.83, 1.17, 4.74, 0.15
1.06, 4.84, 1.18, 4.75, 0.15
1.06, 4.84, 1.18, 4.75, 0.15
1.06, 4.85, 1.19, 4.76, 0.16
1.07, 4.86, 1.19, 4.77, 0.15
1.07, 4.86, 1.19, 4.77, 0.15
1.08, 4.87, 1.20, 4.78, 0.15
1.08, 4.87, 1.20, 4.78, 0.15
1.08, 4.88, 1.20, 4.78, 0.16
1.08, 4.88, 1.20, 4.78, 0.16
1.09, 4.89, 1.21, 4.79, 0.16
1.09, 4.89, 1.21, 4.79, 0.16
1.09, 4.90, 1.22, 4.80, 0.16
1.10, 4.90, 1.22, 4.80, 0.16
1.10, 4.91, 1.22, 4.81, 0.16
1.10, 4.91, 1.22, 4.81, 0.16
1.11, 4.92, 1.23, 4.82, 0.16
1.11, 4.92, 1.23, 4.82, 0.16
1.11, 4.93, 1.24, 4.82, 0.17
1.12, 4.93, 1.24, 4.83, 0.16
1.12, 4.94, 1.24, 4.83, 0.17
1.12, 4.94, 1.24, 4.83, 0.17
1.13, 4.95, 1.25, 4.84, 0.16
1.13, 4.95, 1.25, 4.84, 0.16
1.14, 4.96, 1.26, 4.85, 0.16
1.14, 4.96, 1.26, 4.85, 0.16
1.15, 4.97, 1.27, 4.86, 0.16
1.15, 4.98, 1.27, 4.86, 0.17
1.16, 4.98, 1.28, 4.87, 0.16
1.16, 4.99, 1.28, 4.87, 0.17
1.17, 5.00, 1.29, 4.88, 0.17
1.17, 5.00, 1.29, 4.88, 0.17
1.18, 5.01, 1.30, 4.89, 0.17
1.18, 5.02, 1.30, 4.89, 0.18
1.19, 5.02, 1.31, 4.90, 0.17
1.19, 5.03, 1.31, 4.90, 0.18
1.20, 5.04, 1.32, 4.91, 0.18
1.21, 5.04, 1.33, 4.92, 0.17
1.21, 5.05, 1.33, 4.92, 0.18
1.21, 5.05, 1.33, 4.92, 0.18
1.22, 5.06, 1.34, 4.93, 0.18
1.22, 5.06, 1.34, 4.93, 0.18
1.23, 5.07, 1.35, 4.94, 0.18
1.23, 5.07, 1.35, 4.94, 0.18
1.24, 5.07, 1.35, 4.94, 0.17
1.24, 5.08, 1.36, 4.95, 0.18
1.25, 5.08, 1.36, 4.95, 0.17
1.25, 5.09, 1.37, 4.95, 0.18
1.25, 5.09, 1.37, 4.95, 0.18
1.26, 5.09, 1.37, 4.96, 0.17
1.26, 5.10, 1.38, 4.96, 0.18
1.27, 5.10, 1.38, 4.97, 0.18
1.27, 5.10, 1.38, 4.97, 0.18
1.27, 5.11, 1.39, 4.97, 0.18
1.27, 5.11, 1.39, 4.97, 0.18
1.28, 5.11, 1.39, 4.97, 0.18
1.28, 5.12, 1.40, 4.98, 0.18
1.28, 5.12, 1.40, 4.98, 0.18
1.28, 5.12, 1.40, 4.98, 0.18
1.29, 5.12, 1.40, 4.98, 0.18
1.29, 5.12, 1.40, 4.98, 0.18
1.29, 5.13, 1.41, 4.98, 0.19
1.29, 5.13, 1.41, 4.98, 0.19
1.30, 5.13, 1.41, 4.99, 0.18
1.30, 5.14, 1.41, 4.99, 0.19
1.30, 5.14, 1.41, 4.99, 0.19
1.31, 5.14, 1.42, 5.00, 0.18
1.32, 5.15, 1.43, 5.00, 0.18
1.32, 5.16, 1.43, 5.01, 0.19
1.33, 5.16, 1.44, 5.01, 0.19
1.34, 5.17, 1.45, 5.02, 0.19
1.35, 5.17, 1.46, 5.02, 0.18
1.35, 5.17, 1.46, 5.02, 0.18
1.35, 5.17, 1.46, 5.02, 0.18
1.36, 5.18, 1.47, 5.03, 0.18
1.36, 5.18, 1.47, 5.03, 0.18
1.36, 5.18, 1.47, 5.03, 0.18
1.36, 5.18, 1.47, 5.03, 0.18
1.36, 5.18, 1.47, 5.03, 0.18
1.37, 5.18, 1.47, 5.03, 0.18
1.37, 5.18, 1.47, 5.03, 0.18
1.37, 5.19, 1.48, 5.04, 0.19
1.38, 5.19, 1.48, 5.04, 0.18
1.38, 5.19, 1.48, 5.04, 0.18
1.38, 5.19, 1.48, 5.04, 0.18
1.39, 5.19, 1.49, 5.04, 0.18
1.39, 5.20, 1.49, 5.05, 0.18
1.40, 5.20, 1.50, 5.05, 0.18
1.40, 5.21, 1.50, 5.05, 0.19
1.41, 5.21, 1.51, 5.06, 0.18
1.42, 5.22, 1.52, 5.06, 0.18
1.43, 5.22, 1.52, 5.07, 0.18
1.44, 5.22, 1.53, 5.07, 0.17
1.44, 5.22, 1.53, 5.07, 0.17
1.45, 5.22, 1.54, 5.07, 0.17
1.45, 5.22, 1.54, 5.07, 0.17
1.46, 5.22, 1.54, 5.08, 0.16
1.46, 5.22, 1.54, 5.08, 0.16
1.47, 5.23, 1.55, 5.08, 0.17
1.47, 5.23, 1.55, 5.08, 0.17
1.47, 5.23, 1.55, 5.08, 0.17
1.47, 5.23, 1.55, 5.08, 0.17
1.47, 5.23, 1.55, 5.08, 0.17
1.47, 5.23, 1.55, 5.08, 0.17
1.47, 5.23, 1.55, 5.08, 0.17
1.47, 5.23, 1.55, 5.08, 0.17
1.47, 5.23, 1.55, 5.08, 0.17
1.47, 5.23, 1.55, 5.08, 0.17
1.47, 5.23, 1.55, 5.08, 0.17
1.47, 5.23, 1.55, 5.08, 0.17
1.47, 5.23, 1.55, 5.08, 0.17
1.47, 5.23, 1.55, 5.08, 0.17
1.47, 5.23, 1.55, 5.08, 0.17
1.47, 5.23, 1.55, 5.08, 0.17
1.47, 5.23, 1.55, 5.08, 0.17
1.47, 5.23, 1.55, 5.08, 0.17
1.47, 5.23, 1.55, 5.08, 0.17
1.47, 5.23, 1.55, 5.08, 0.17
1.47, 5.23, 1.55, 5.08, 0.17
1.47, 5.23, 1.55, 5.08, 0.17
1.47, 5.23, 1.55, 5.08, 0.17
1.47, 5.23, 1.55, 5.08, 0.17
1.47, 5.23, 1.55, 5.08, 0.17
1.47, 5.23, 1.55, 5.08, 0.17
1.47, 5.23, 1.55, 5.08, 0.17
1.47, 5.23, 1.55, 5.08, 0.17
1.47, 5.23, 1.55, 5.08, 0.17
1.47, 5.23, 1.55, 5.08, 0.17
1.47, 5.23, 1.55, 5.08, 0.17
1.47, 5.23, 1.55, 5.08, 0.17
1.47, 5.23, 1.55, 5.08, 0.17
1.47, 5.23, 1.55, 5.08, 0.17
1.47, 5.23, 1.55, 5.08, 0.17
1.47, 5.23, 1.55, 5.08, 0.17
1.47, 5.23, 1.55, 5.08, 0.17
1.47, 5.23, 1.55, 5.08, 0.17
1.47, 5.23, 1.55, 5.08, 0.17
1.47, 5.22, 1.55, 5.08, 0.16
1.47, 5.23, 1.55, 5.08, 0.17
1.47, 5.23, 1.55, 5.08, 0.17
1.47, 5.23, 1.55, 5.08, 0.17
1.47, 5.23, 1.55, 5.08, 0.17
1.47, 5.23, 1.55, 5.08, 0.17
1.47, 5.23, 1.55, 5.08, 0.17
1.47, 5.23, 1.55, 5.08, 0.17
1.47, 5.23, 1.55, 5.08, 0.17
1.47, 5.23, 1.55, 5.08, 0.17
1.47, 5.22, 1.55, 5.08, 0.16
1.47, 5.23, 1.55, 5.08, 0.17
1.47, 5.23, 1.55, 5.08, 0.17
1.47, 5.23, 1.55, 5.08, 0.17
1.47, 5.23, 1.55, 5.08, 0.17
1.47, 5.23, 1.55, 5.08, 0.17
1.47, 5.23, 1.55, 5.08, 0.17
1.47, 5.23, 1.55, 5.08, 0.17
1.47, 5.23, 1.55, 5.08, 0.17
1.47, 5.23, 1.55, 5.08, 0.17
1.47, 5.23, 1.55, 5.08, 0.17
1.47, 5.23, 1.55, 5.08, 0.17
1.47, 5.23, 1.55, 5.08, 0.17
1.47, 5.23, 1.55, 5.08, 0.17
1.47, 5.23, 1.55, 5.08, 0.17
1.47, 5.23, 1.55, 5.08, 0.17
1.47, 5.23, 1.55, 5.08, 0.17
1.47, 5.23, 1.55, 5.08, 0.17
1.47, 5.23, 1.55, 5.08, 0.17
1.47, 5.23, 1.55, 5.08, 0.17
1.47, 5.23, 1.55, 5.08, 0.17
1.47, 5.23, 1.55, 5.08, 0.17
1.47, 5.23, 1.55, 5.08, 0.17
1.47, 5.23, 1.55, 5.08, 0.17
1.47, 5.23, 1.55, 5.08, 0.17
1.47, 5.23, 1.55, 5.08, 0.17
1.47, 5.23, 1.55, 5.08, 0.17
1.47, 5.23, 1.55, 5.08, 0.17
1.47, 5.23, 1.55, 5.08, 0.17
1.47, 5.23, 1.55, 5.08, 0.17
1.47, 5.23, 1.55, 5.08, 0.17
1.47, 5.23, 1.55, 5.08, 0.17
1.47, 5.23, 1.55, 5.08, 0.17
1.47, 5.23, 1.55, 5.08, 0.17
1.47, 5.23, 1.55, 5.08, 0.17
1.47, 5.23, 1.55, 5.08, 0.17
1.47, 5.23, 1.55, 5.08, 0.17
1.47, 5.23, 1.55, 5.08, 0.17
1.47, 5.22, 1.55, 5.08, 0.16
1.47, 5.23, 1.55, 5.08, 0.17
1.47, 5.23, 1.55, 5.08, 0.17
1.47, 5.23, 1.55, 5.08, 0.17
1.47, 5.23, 1.55, 5.08, 0.17
1.47, 5.23, 1.55, 5.08, 0.17
1.47, 5.23, 1.55, 5.08, 0.17
1.47, 5.23, 1.55, 5.08, 0.17
1.47, 5.23, 1.55, 5.08, 0.17
1.47, 5.23, 1.55, 5.08, 0.17
1.47, 5.23, 1.55, 5.08, 0.17
1.47, 5.23, 1.55, 5.08, 0.17
1.47, 5.22, 1.55, 5.08, 0.16
1.47, 5.23, 1.55, 5.08, 0.17
1.47, 5.23, 1.55, 5.08, 0.17
1.47, 5.23, 1.55, 5.08, 0.17
1.47, 5.23, 1.55, 5.08, 0.17
1.47, 5.23, 1.55, 5.08, 0.17
1.47, 5.23, 1.55, 5.08, 0.17
1.47, 5.23, 1.55, 5.08, 0.17
1.47, 5.23, 1.55, 5.08, 0.17
1.47, 5.23, 1.55, 5.08, 0.17
1.47, 5.23, 1.55, 5.08, 0.17
1.47, 5.23, 1.55, 5.08, 0.17
1.47, 5.23, 1.55, 5.08, 0.17
1.47, 5.22, 1.55, 5.08, 0.16
1.47, 5.23, 1.55, 5.08, 0.17
1.47, 5.23, 1.55, 5.08, 0.17
1.47, 5.23, 1.55, 5.08, 0.17
1.47, 5.23, 1.55, 5.08, 0.17
1.47, 5.23, 1.55, 5.08, 0.17
1.47, 5.23, 1.55, 5.08, 0.17
1.47, 5.22, 1.55, 5.08, 0.16
1.47, 5.23, 1.55, 5.08, 0.17
1.47, 5.23, 1.55, 5.08, 0.17
1.47, 5.23, 1.55, 5.08, 0.17
1.47, 5.23, 1.55, 5.08, 0.17
1.47, 5.23, 1.55, 5.08, 0.17
1.47, 5.23, 1.55, 5.08, 0.17
1.47, 5.23, 1.55, 5.08, 0.17
1.47, 5.23, 1.55, 5.08, 0.17
1.47, 5.23, 1.55, 5.08, 0.17
1.47, 5.23, 1.55, 5.08, 0.17
1.47, 5.23, 1.55, 5.08, 0.17
1.47, 5.23, 1.55, 5.08, 0.17
1.48, 5.23, 1.56, 5.09, 0.16
1.48, 5.24, 1.56, 5.09, 0.17
1.48, 5.24, 1.56, 5.09, 0.17
1.49, 5.24, 1.57, 5.09, 0.17
1.49, 5.25, 1.57, 5.10, 0.18
1.50, 5.25, 1.58, 5.10, 0.17
1.50, 5.25, 1.58, 5.10, 0.17
1.50, 5.26, 1.58, 5.10, 0.18
1.51, 5.26, 1.59, 5.11, 0.17
1.51, 5.26, 1.59, 5.11, 0.17
1.52, 5.26, 1.60, 5.11, 0.17
1.52, 5.26, 1.60, 5.11, 0.17
1.52, 5.27, 1.60, 5.11, 0.18
1.53, 5.27, 1.61, 5.11, 0.17
1.53, 5.27, 1.61, 5.11, 0.17
1.54, 5.28, 1.62, 5.12, 0.18
1.54, 5.28, 1.62, 5.12, 0.18
1.55, 5.28, 1.63, 5.12, 0.17
1.55, 5.28, 1.63, 5.12, 0.17
1.56, 5.28, 1.63, 5.13, 0.17
1.56, 5.29, 1.64, 5.13, 0.18
1.57, 5.29, 1.64, 5.13, 0.18
1.57, 5.29, 1.64, 5.13, 0.18
1.58, 5.30, 1.65, 5.14, 0.18
1.59, 5.30, 1.66, 5.14, 0.18
1.59, 5.30, 1.66, 5.14, 0.18
1.60, 5.30, 1.67, 5.14, 0.17
1.60, 5.31, 1.67, 5.14, 0.18
1.61, 5.31, 1.68, 5.15, 0.18
1.62, 5.31, 1.69, 5.15, 0.17
1.63, 5.31, 1.69, 5.15, 0.17
1.63, 5.32, 1.70, 5.15, 0.18
1.64, 5.32, 1.70, 5.16, 0.17
1.65, 5.32, 1.71, 5.16, 0.17
1.66, 5.33, 1.72, 5.16, 0.18
1.67, 5.33, 1.73, 5.17, 0.17
1.67, 5.33, 1.73, 5.17, 0.17
1.68, 5.34, 1.74, 5.17, 0.18
1.69, 5.34, 1.75, 5.17, 0.18
1.70, 5.34, 1.76, 5.18, 0.17
1.70, 5.34, 1.76, 5.18, 0.17
1.71, 5.35, 1.77, 5.18, 0.18
1.73, 5.35, 1.78, 5.19, 0.17
1.73, 5.35, 1.78, 5.19, 0.17
1.74, 5.36, 1.79, 5.19, 0.18
1.75, 5.36, 1.80, 5.19, 0.18
1.75, 5.36, 1.80, 5.19, 0.18
1.76, 5.36, 1.81, 5.19, 0.17
1.77, 5.36, 1.82, 5.20, 0.17
1.77, 5.36, 1.82, 5.20, 0.17
1.78, 5.36, 1.83, 5.20, 0.17
1.78, 5.36, 1.83, 5.20, 0.17
1.79, 5.37, 1.84, 5.20, 0.17
1.79, 5.37, 1.84, 5.20, 0.17
1.80, 5.37, 1.84, 5.20, 0.17
1.80, 5.37, 1.84, 5.20, 0.17
1.81, 5.37, 1.85, 5.21, 0.17
1.81, 5.37, 1.85, 5.21, 0.17
1.82, 5.37, 1.86, 5.21, 0.17
1.82, 5.37, 1.86, 5.21, 0.17
1.83, 5.38, 1.87, 5.21, 0.17
1.84, 5.38, 1.88, 5.21, 0.17
1.84, 5.38, 1.88, 5.21, 0.17
1.85, 5.38, 1.89, 5.21, 0.17
1.86, 5.38, 1.90, 5.22, 0.17
1.86, 5.38, 1.90, 5.22, 0.17
1.87, 5.38, 1.90, 5.22, 0.17
1.88, 5.38, 1.91, 5.22, 0.16
1.88, 5.38, 1.91, 5.22, 0.16
1.89, 5.38, 1.92, 5.22, 0.16
1.90, 5.39, 1.93, 5.22, 0.17
1.90, 5.39, 1.93, 5.22, 0.17
1.91, 5.39, 1.94, 5.22, 0.17
1.91, 5.39, 1.94, 5.22, 0.17
1.92, 5.39, 1.95, 5.23, 0.17
1.93, 5.39, 1.96, 5.23, 0.16
1.93, 5.39, 1.96, 5.23, 0.16
1.94, 5.39, 1.97, 5.23, 0.16
1.94, 5.39, 1.97, 5.23, 0.16
1.95, 5.39, 1.97, 5.23, 0.16
1.95, 5.39, 1.97, 5.23, 0.16
1.96, 5.39, 1.98, 5.23, 0.16
1.97, 5.39, 1.99, 5.23, 0.16
1.98, 5.39, 2.00, 5.23, 0.16
1.98, 5.39, 2.00, 5.23, 0.16
2.00, 5.39, 2.02, 5.24, 0.16
2.01, 5.39, 2.03, 5.24, 0.15
2.01, 5.39, 2.03, 5.24, 0.15
2.02, 5.40, 2.04, 5.24, 0.16
2.03, 5.40, 2.04, 5.24, 0.16
2.04, 5.40, 2.05, 5.24, 0.16
2.04, 5.40, 2.05, 5.24, 0.16
2.05, 5.40, 2.06, 5.24, 0.16
2.06, 5.40, 2.07, 5.24, 0.16
2.06, 5.40, 2.07, 5.24, 0.16
2.07, 5.40, 2.08, 5.24, 0.16
2.08, 5.40, 2.09, 5.24, 0.16
2.08, 5.40, 2.09, 5.24, 0.16
2.09, 5.40, 2.10, 5.24, 0.16
2.09, 5.41, 2.10, 5.24, 0.17
2.10, 5.40, 2.11, 5.24, 0.16
2.10, 5.40, 2.11, 5.24, 0.16
2.11, 5.40, 2.11, 5.24, 0.16
2.12, 5.40, 2.12, 5.24, 0.16
2.13, 5.41, 2.13, 5.24, 0.17
2.14, 5.40, 2.14, 5.24, 0.16
2.14, 5.40, 2.14, 5.24, 0.16
2.15, 5.40, 2.15, 5.24, 0.16
2.16, 5.41, 2.16, 5.24, 0.17
2.17, 5.40, 2.17, 5.24, 0.16
2.18, 5.40, 2.18, 5.24, 0.16
2.19, 5.40, 2.19, 5.24, 0.16
2.19, 5.40, 2.19, 5.24, 0.16
2.20, 5.40, 2.19, 5.24, 0.16
2.21, 5.40, 2.20, 5.24, 0.16
2.21, 5.40, 2.20, 5.24, 0.16
2.22, 5.40, 2.21, 5.24, 0.16
2.22, 5.40, 2.21, 5.24, 0.16
2.23, 5.40, 2.22, 5.24, 0.16
2.23, 5.40, 2.22, 5.24, 0.16
2.24, 5.40, 2.23, 5.24, 0.16
2.25, 5.40, 2.24, 5.24, 0.16
2.25, 5.40, 2.24, 5.24, 0.16
2.26, 5.40, 2.25, 5.24, 0.16
2.26, 5.40, 2.25, 5.24, 0.16
2.27, 5.40, 2.26, 5.24, 0.16
2.28, 5.40, 2.26, 5.24, 0.16
2.29, 5.40, 2.27, 5.24, 0.16
2.30, 5.40, 2.28, 5.24, 0.17
2.30, 5.39, 2.28, 5.24, 0.16
2.31, 5.39, 2.29, 5.23, 0.16
2.31, 5.39, 2.29, 5.23, 0.16
2.31, 5.39, 2.29, 5.23, 0.16
2.32, 5.39, 2.30, 5.23, 0.16
2.32, 5.39, 2.30, 5.23, 0.16
2.32, 5.39, 2.30, 5.23, 0.16
2.33, 5.39, 2.31, 5.23, 0.16
2.33, 5.39, 2.31, 5.23, 0.16
2.33, 5.39, 2.31, 5.23, 0.16
2.34, 5.39, 2.32, 5.23, 0.16
2.34, 5.39, 2.32, 5.23, 0.16
2.34, 5.39, 2.32, 5.23, 0.16
2.35, 5.39, 2.33, 5.23, 0.16
2.35, 5.39, 2.33, 5.23, 0.16
2.35, 5.39, 2.33, 5.23, 0.16
2.36, 5.38, 2.34, 5.23, 0.15
2.36, 5.38, 2.34, 5.23, 0.15
2.37, 5.38, 2.34, 5.23, 0.15
2.38, 5.38, 2.35, 5.23, 0.16
2.38, 5.38, 2.35, 5.23, 0.16
2.39, 5.38, 2.36, 5.22, 0.16
2.40, 5.38, 2.37, 5.22, 0.16
2.41, 5.38, 2.38, 5.22, 0.16
2.41, 5.37, 2.38, 5.22, 0.15
2.42, 5.37, 2.39, 5.22, 0.15
2.43, 5.37, 2.40, 5.22, 0.16
2.44, 5.37, 2.41, 5.22, 0.16
2.45, 5.37, 2.41, 5.21, 0.16
2.46, 5.36, 2.42, 5.21, 0.15
2.47, 5.36, 2.43, 5.21, 0.16
2.47, 5.36, 2.43, 5.21, 0.16
2.48, 5.36, 2.44, 5.21, 0.16
2.48, 5.36, 2.44, 5.21, 0.16
2.50, 5.36, 2.46, 5.20, 0.16
2.50, 5.36, 2.46, 5.20, 0.16
2.51, 5.35, 2.47, 5.20, 0.16
2.52, 5.35, 2.48, 5.20, 0.16
2.53, 5.35, 2.49, 5.20, 0.16
2.54, 5.34, 2.50, 5.19, 0.15
2.55, 5.34, 2.50, 5.19, 0.16
2.56, 5.34, 2.51, 5.19, 0.16
2.57, 5.34, 2.52, 5.18, 0.16
2.57, 5.33, 2.52, 5.18, 0.15
2.58, 5.33, 2.53, 5.18, 0.16
2.59, 5.33, 2.54, 5.18, 0.16
2.60, 5.32, 2.55, 5.17, 0.15
2.61, 5.32, 2.56, 5.17, 0.16
2.62, 5.32, 2.56, 5.17, 0.16
2.63, 5.31, 2.58, 5.17, 0.15
2.63, 5.31, 2.58, 5.17, 0.15
2.64, 5.31, 2.58, 5.16, 0.16
2.64, 5.31, 2.58, 5.16, 0.16
2.65, 5.30, 2.59, 5.16, 0.15
2.66, 5.30, 2.60, 5.16, 0.16
2.67, 5.29, 2.61, 5.15, 0.15
2.67, 5.29, 2.61, 5.15, 0.15
2.68, 5.29, 2.62, 5.15, 0.15
2.69, 5.28, 2.63, 5.14, 0.15
2.70, 5.28, 2.64, 5.14, 0.15
2.70, 5.28, 2.64, 5.14, 0.15
2.71, 5.27, 2.65, 5.13, 0.15
2.72, 5.27, 2.66, 5.13, 0.15
2.73, 5.27, 2.66, 5.13, 0.16
2.73, 5.26, 2.67, 5.13, 0.15
2.73, 5.26, 2.67, 5.13, 0.15
2.74, 5.26, 2.67, 5.12, 0.15
2.75, 5.25, 2.68, 5.12, 0.15
2.76, 5.25, 2.69, 5.11, 0.15
2.76, 5.24, 2.69, 5.11, 0.14
2.77, 5.24, 2.70, 5.11, 0.15
2.77, 5.24, 2.70, 5.11, 0.15
2.78, 5.24, 2.71, 5.11, 0.15
2.78, 5.23, 2.71, 5.10, 0.14
2.79, 5.23, 2.72, 5.10, 0.15
2.79, 5.23, 2.72, 5.10, 0.15
2.80, 5.23, 2.73, 5.10, 0.15
2.80, 5.22, 2.73, 5.09, 0.14
2.81, 5.22, 2.74, 5.09, 0.15
2.81, 5.22, 2.74, 5.09, 0.15
2.82, 5.22, 2.74, 5.09, 0.15
2.82, 5.21, 2.75, 5.08, 0.15
2.82, 5.21, 2.75, 5.08, 0.15
2.83, 5.21, 2.75, 5.08, 0.15
2.83, 5.21, 2.75, 5.08, 0.15
2.83, 5.21, 2.75, 5.08, 0.15
2.83, 5.21, 2.75, 5.08, 0.15
2.84, 5.21, 2.76, 5.08, 0.16
2.84, 5.20, 2.76, 5.07, 0.15
2.85, 5.20, 2.77, 5.07, 0.15
2.85, 5.20, 2.77, 5.07, 0.15
2.86, 5.20, 2.78, 5.07, 0.16
2.86, 5.19, 2.78, 5.06, 0.15
2.87, 5.19, 2.79, 5.06, 0.15
2.87, 5.19, 2.79, 5.06, 0.15
2.88, 5.18, 2.80, 5.05, 0.15
2.88, 5.18, 2.80, 5.05, 0.15
2.89, 5.18, 2.80, 5.05, 0.16
2.89, 5.17, 2.81, 5.05, 0.15
2.90, 5.17, 2.81, 5.04, 0.15
2.91, 5.17, 2.82, 5.04, 0.16
2.91, 5.16, 2.83, 5.04, 0.15
2.91, 5.16, 2.83, 5.04, 0.15
2.92, 5.15, 2.84, 5.03, 0.15
2.92, 5.15, 2.84, 5.03, 0.15
2.93, 5.15, 2.84, 5.02, 0.15
2.93, 5.14, 2.85, 5.02, 0.15
2.94, 5.14, 2.85, 5.02, 0.15
2.94, 5.13, 2.86, 5.01, 0.14
2.95, 5.13, 2.86, 5.01, 0.15
2.95, 5.13, 2.86, 5.01, 0.15
2.96, 5.12, 2.87, 5.00, 0.15
2.96, 5.12, 2.87, 5.00, 0.15
2.97, 5.12, 2.88, 5.00, 0.15
2.97, 5.11, 2.88, 4.99, 0.15
2.97, 5.11, 2.88, 4.99, 0.15
2.98, 5.10, 2.89, 4.99, 0.14
2.98, 5.10, 2.89, 4.99, 0.14
2.99, 5.09, 2.90, 4.98, 0.14
3.00, 5.09, 2.91, 4.97, 0.15
3.00, 5.08, 2.91, 4.97, 0.14
3.01, 5.08, 2.92, 4.97, 0.15
3.01, 5.07, 2.92, 4.96, 0.14
3.02, 5.07, 2.93, 4.96, 0.15
3.04, 5.05, 2.94, 4.94, 0.14
3.04, 5.05, 2.94, 4.94, 0.14
3.05, 5.04, 2.95, 4.93, 0.14
3.05, 5.04, 2.95, 4.93, 0.14
3.06, 5.04, 2.96, 4.93, 0.15
3.06, 5.03, 2.96, 4.93, 0.14
3.07, 5.02, 2.97, 4.92, 0.14
3.07, 5.02, 2.97, 4.92, 0.14
3.08, 5.01, 2.98, 4.91, 0.14
3.08, 5.00, 2.99, 4.90, 0.13
3.09, 4.99, 3.00, 4.89, 0.13
3.10, 4.98, 3.00, 4.89, 0.13
3.10, 4.98, 3.00, 4.89, 0.13
3.11, 4.97, 3.01, 4.88, 0.13
3.11, 4.96, 3.02, 4.87, 0.13
3.12, 4.96, 3.02, 4.87, 0.13
3.13, 4.95, 3.03, 4.86, 0.14
3.13, 4.94, 3.04, 4.85, 0.13
3.14, 4.93, 3.04, 4.84, 0.13
3.14, 4.92, 3.05, 4.84, 0.12
3.15, 4.91, 3.06, 4.83, 0.12
3.16, 4.91, 3.06, 4.82, 0.13
3.16, 4.90, 3.07, 4.82, 0.12
3.16, 4.89, 3.07, 4.81, 0.12
3.17, 4.89, 3.07, 4.81, 0.13
3.17, 4.88, 3.08, 4.80, 0.12
3.18, 4.87, 3.09, 4.79, 0.12
3.18, 4.86, 3.09, 4.79, 0.11
3.19, 4.86, 3.09, 4.78, 0.12
3.19, 4.85, 3.10, 4.78, 0.12
3.20, 4.85, 3.10, 4.77, 0.12
3.20, 4.84, 3.11, 4.77, 0.12
3.20, 4.84, 3.11, 4.77, 0.12
3.21, 4.83, 3.11, 4.76, 0.12
3.21, 4.83, 3.11, 4.76, 0.12
3.21, 4.83, 3.11, 4.76, 0.12
3.22, 4.82, 3.12, 4.75, 0.12
3.22, 4.82, 3.12, 4.75, 0.12
3.23, 4.81, 3.13, 4.74, 0.12
3.23, 4.81, 3.13, 4.74, 0.12
3.23, 4.81, 3.13, 4.74, 0.12
3.24, 4.80, 3.14, 4.73, 0.13
3.24, 4.79, 3.14, 4.72, 0.12
3.24, 4.79, 3.14, 4.72, 0.12
3.25, 4.78, 3.15, 4.71, 0.12
3.25, 4.77, 3.15, 4.70, 0.12
3.26, 4.76, 3.16, 4.69, 0.12
3.26, 4.76, 3.16, 4.69, 0.12
3.27, 4.75, 3.16, 4.68, 0.12
3.27, 4.74, 3.17, 4.68, 0.12
3.28, 4.73, 3.18, 4.67, 0.12
3.29, 4.72, 3.18, 4.66, 0.13
3.29, 4.72, 3.18, 4.66, 0.13
3.30, 4.71, 3.19, 4.65, 0.13
3.30, 4.70, 3.19, 4.64, 0.12
3.31, 4.69, 3.20, 4.63, 0.13
3.31, 4.68, 3.20, 4.62, 0.12
3.32, 4.67, 3.21, 4.61, 0.13
3.32, 4.67, 3.21, 4.61, 0.13
3.33, 4.66, 3.21, 4.60, 0.13
3.33, 4.65, 3.22, 4.59, 0.13
3.34, 4.64, 3.22, 4.58, 0.13
3.34, 4.63, 3.23, 4.57, 0.13
3.35, 4.62, 3.23, 4.56, 0.13
3.35, 4.61, 3.23, 4.56, 0.13
3.36, 4.60, 3.24, 4.54, 0.13
3.36, 4.59, 3.24, 4.54, 0.13
3.37, 4.59, 3.24, 4.53, 0.14
3.37, 4.58, 3.25, 4.53, 0.13
3.37, 4.57, 3.25, 4.52, 0.13
3.38, 4.57, 3.25, 4.52, 0.14
3.38, 4.56, 3.26, 4.51, 0.13
3.38, 4.55, 3.26, 4.50, 0.13
3.39, 4.55, 3.26, 4.50, 0.14
3.39, 4.54, 3.26, 4.49, 0.14
3.39, 4.54, 3.26, 4.49, 0.14
3.40, 4.53, 3.27, 4.48, 0.14
3.40, 4.53, 3.27, 4.48, 0.14
3.40, 4.52, 3.27, 4.47, 0.14
3.41, 4.51, 3.28, 4.46, 0.14
3.41, 4.50, 3.28, 4.45, 0.14
3.41, 4.50, 3.28, 4.45, 0.14
3.41, 4.49, 3.28, 4.44, 0.14
3.42, 4.48, 3.28, 4.43, 0.14
3.42, 4.47, 3.29, 4.43, 0.14
3.42, 4.47, 3.29, 4.43, 0.14
3.43, 4.46, 3.29, 4.41, 0.15
3.43, 4.45, 3.29, 4.41, 0.14
3.43, 4.44, 3.30, 4.40, 0.14
3.43, 4.43, 3.30, 4.39, 0.14
3.44, 4.42, 3.30, 4.38, 0.14
3.44, 4.42, 3.30, 4.38, 0.14
3.44, 4.41, 3.30, 4.37, 0.14
3.44, 4.41, 3.30, 4.37, 0.14
3.44, 4.40, 3.31, 4.36, 0.14
3.44, 4.39, 3.31, 4.35, 0.14
3.44, 4.39, 3.31, 4.35, 0.14
3.44, 4.38, 3.31, 4.35, 0.13
3.44, 4.38, 3.31, 4.35, 0.13
3.44, 4.37, 3.31, 4.34, 0.13
3.44, 4.36, 3.32, 4.33, 0.13
3.45, 4.35, 3.32, 4.32, 0.14
3.45, 4.34, 3.32, 4.31, 0.13
3.45, 4.34, 3.32, 4.31, 0.13
3.45, 4.33, 3.32, 4.30, 0.13
3.45, 4.32, 3.32, 4.29, 0.13
3.45, 4.32, 3.32, 4.29, 0.13
3.45, 4.31, 3.33, 4.28, 0.13
3.45, 4.30, 3.33, 4.28, 0.13
3.45, 4.29, 3.33, 4.27, 0.12
3.45, 4.28, 3.33, 4.26, 0.12
3.46, 4.27, 3.33, 4.25, 0.13
3.46, 4.27, 3.33, 4.25, 0.13
3.46, 4.26, 3.33, 4.24, 0.13
3.46, 4.25, 3.34, 4.23, 0.13
3.46, 4.25, 3.34, 4.23, 0.13
3.46, 4.24, 3.34, 4.22, 0.12
3.46, 4.23, 3.34, 4.21, 0.12
3.46, 4.22, 3.34, 4.20, 0.12
3.46, 4.21, 3.34, 4.19, 0.12
3.46, 4.20, 3.34, 4.19, 0.12
3.46, 4.19, 3.34, 4.18, 0.12
3.46, 4.18, 3.34, 4.17, 0.12
3.46, 4.18, 3.34, 4.17, 0.12
3.45, 4.17, 3.34, 4.16, 0.11
3.47, 4.26, 3.33, 4.24, 0.14
3.47, 4.25, 3.34, 4.23, 0.14
3.46, 4.16, 3.35, 4.15, 0.12
3.46, 4.15, 3.35, 4.14, 0.11
3.47, 4.25, 3.34, 4.23, 0.14
3.45, 4.15, 3.35, 4.14, 0.10
3.45, 4.14, 3.35, 4.13, 0.10
3.47, 4.24, 3.34, 4.22, 0.13
3.47, 4.23, 3.34, 4.21, 0.13
3.45, 4.13, 3.35, 4.12, 0.10
3.47, 4.22, 3.34, 4.20, 0.13
3.45, 4.12, 3.35, 4.11, 0.10
3.47, 4.22, 3.34, 4.20, 0.13
3.45, 4.11, 3.35, 4.10, 0.10
3.47, 4.21, 3.34, 4.19, 0.13
3.47, 4.20, 3.34, 4.18, 0.13
3.45, 4.10, 3.35, 4.10, 0.10
3.45, 4.09, 3.35, 4.09, 0.10
3.47, 4.19, 3.34, 4.18, 0.13
3.45, 4.09, 3.35, 4.09, 0.10
3.45, 4.08, 3.35, 4.08, 0.10
3.47, 4.19, 3.34, 4.18, 0.13
3.47, 4.18, 3.34, 4.17, 0.13
3.45, 4.07, 3.35, 4.07, 0.10
3.47, 4.17, 3.34, 4.16, 0.13
3.45, 4.06, 3.35, 4.06, 0.10
3.47, 4.16, 3.35, 4.15, 0.13
3.45, 4.06, 3.35, 4.06, 0.10
3.47, 4.15, 3.35, 4.14, 0.12
3.45, 4.05, 3.35, 4.05, 0.10
3.47, 4.15, 3.35, 4.14, 0.12
3.45, 4.04, 3.35, 4.04, 0.10
3.47, 4.15, 3.35, 4.14, 0.12
3.45, 4.04, 3.35, 4.04, 0.10
3.45, 4.03, 3.35, 4.03, 0.10
3.47, 4.14, 3.35, 4.13, 0.12
3.45, 4.03, 3.35, 4.03, 0.10
3.47, 4.14, 3.35, 4.13, 0.12
3.46, 4.02, 3.35, 4.02, 0.11
3.47, 4.14, 3.35, 4.13, 0.12
3.45, 4.02, 3.35, 4.02, 0.10
3.48, 4.13, 3.35, 4.12, 0.13
3.47, 4.12, 3.35, 4.11, 0.12
3.46, 4.02, 3.35, 4.02, 0.11
3.45, 4.01, 3.35, 4.01, 0.10
3.48, 4.12, 3.35, 4.11, 0.13
3.46, 4.00, 3.35, 4.00, 0.11
3.47, 4.11, 3.35, 4.10, 0.12
3.46, 4.00, 3.35, 4.00, 0.11
3.48, 4.11, 3.35, 4.10, 0.13
3.46, 3.99, 3.35, 3.99, 0.11
3.48, 4.10, 3.35, 4.09, 0.13
3.46, 3.99, 3.35, 3.99, 0.11
3.47, 4.10, 3.35, 4.09, 0.12
3.48, 4.09, 3.35, 4.09, 0.13
3.46, 3.98, 3.35, 3.98, 0.11
3.48, 4.09, 3.35, 4.09, 0.13
3.46, 3.97, 3.35, 3.97, 0.11
3.48, 4.08, 3.35, 4.08, 0.13
3.46, 3.97, 3.35, 3.97, 0.11
3.46, 3.96, 3.35, 3.96, 0.11
3.48, 4.07, 3.35, 4.07, 0.13
3.46, 3.95, 3.35, 3.95, 0.11
3.48, 4.06, 3.35, 4.06, 0.13
3.46, 3.95, 3.35, 3.95, 0.11
3.48, 4.06, 3.35, 4.06, 0.13
3.48, 4.05, 3.35, 4.05, 0.13
3.46, 3.94, 3.35, 3.94, 0.11
3.46, 3.93, 3.35, 3.93, 0.11
3.48, 4.04, 3.35, 4.04, 0.13
3.48, 4.03, 3.35, 4.03, 0.13
3.46, 3.92, 3.35, 3.92, 0.11
3.46, 3.91, 3.35, 3.91, 0.11
3.48, 4.02, 3.35, 4.02, 0.13
3.46, 3.91, 3.35, 3.91, 0.11
3.48, 4.02, 3.35, 4.02, 0.13
3.46, 3.90, 3.35, 3.90, 0.11
3.48, 4.01, 3.35, 4.01, 0.13
3.46, 3.89, 3.35, 3.89, 0.11
3.48, 4.00, 3.35, 4.00, 0.13
3.48, 3.99, 3.35, 3.99, 0.13
3.46, 3.88, 3.35, 3.88, 0.11
3.46, 3.87, 3.35, 3.87, 0.11
3.48, 3.98, 3.35, 3.98, 0.13
3.48, 3.97, 3.35, 3.97, 0.13
3.46, 3.87, 3.35, 3.87, 0.11
3.46, 3.86, 3.35, 3.86, 0.11
3.48, 3.97, 3.35, 3.97, 0.13
3.46, 3.86, 3.35, 3.86, 0.11
3.48, 3.96, 3.35, 3.96, 0.13
3.46, 3.85, 3.35, 3.85, 0.11
3.48, 3.96, 3.35, 3.96, 0.13
3.48, 3.95, 3.35, 3.95, 0.13
3.46, 3.85, 3.35, 3.85, 0.11
3.48, 3.95, 3.35, 3.95, 0.13
3.48, 3.94, 3.35, 3.94, 0.13
3.46, 3.84, 3.35, 3.84, 0.11
3.46, 3.83, 3.35, 3.83, 0.11
3.48, 3.94, 3.35, 3.94, 0.13
3.46, 3.83, 3.35, 3.83, 0.11
3.46, 3.82, 3.35, 3.82, 0.11
3.48, 3.94, 3.35, 3.94, 0.13
3.46, 3.82, 3.35, 3.82, 0.11
3.48, 3.94, 3.35, 3.94, 0.13
3.46, 3.82, 3.35, 3.82, 0.11
3.48, 3.93, 3.35, 3.93, 0.13
3.48, 3.92, 3.35, 3.92, 0.13
3.46, 3.82, 3.35, 3.82, 0.11
3.48, 3.92, 3.35, 3.92, 0.13
3.46, 3.81, 3.35, 3.81, 0.11
3.49, 3.92, 3.35, 3.92, 0.14
3.46, 3.80, 3.35, 3.80, 0.11
3.49, 3.91, 3.35, 3.91, 0.14
3.46, 3.80, 3.35, 3.80, 0.11
3.47, 3.79, 3.35, 3.79, 0.12
3.49, 3.90, 3.35, 3.90, 0.14
3.46, 3.78, 3.35, 3.78, 0.11
3.49, 3.89, 3.35, 3.89, 0.14
3.47, 3.77, 3.35, 3.77, 0.12
3.49, 3.87, 3.35, 3.87, 0.14
3.49, 3.87, 3.35, 3.87, 0.14
3.46, 3.76, 3.35, 3.76, 0.11
3.49, 3.86, 3.35, 3.86, 0.14
3.46, 3.75, 3.35, 3.75, 0.11
3.49, 3.85, 3.35, 3.85, 0.14
3.46, 3.74, 3.35, 3.74, 0.11
3.46, 3.73, 3.35, 3.73, 0.11
3.48, 3.84, 3.35, 3.84, 0.13
3.46, 3.72, 3.35, 3.72, 0.11
3.49, 3.83, 3.35, 3.83, 0.14
3.49, 3.82, 3.35, 3.82, 0.14
3.47, 3.70, 3.35, 3.70, 0.12
3.49, 3.81, 3.35, 3.81, 0.14
3.49, 3.80, 3.35, 3.80, 0.14
3.46, 3.69, 3.35, 3.69, 0.11
3.49, 3.79, 3.35, 3.79, 0.14
3.47, 3.69, 3.35, 3.69, 0.12
3.49, 3.79, 3.35, 3.79, 0.14
3.47, 3.68, 3.35, 3.68, 0.12
3.49, 3.79, 3.35, 3.79, 0.14
3.47, 3.67, 3.35, 3.67, 0.12
3.47, 3.67, 3.35, 3.67, 0.12
3.49, 3.78, 3.35, 3.78, 0.14
3.47, 3.66, 3.35, 3.66, 0.12
3.49, 3.78, 3.35, 3.78, 0.14
3.47, 3.66, 3.35, 3.66, 0.12
3.49, 3.77, 3.35, 3.77, 0.14
3.49, 3.76, 3.35, 3.76, 0.14
3.47, 3.65, 3.35, 3.65, 0.12
3.49, 3.76, 3.35, 3.76, 0.14
3.49, 3.74, 3.35, 3.74, 0.14
3.49, 3.74, 3.35, 3.74, 0.14
3.49, 3.73, 3.35, 3.73, 0.14
3.49, 3.73, 3.35, 3.73, 0.14
3.49, 3.72, 3.35, 3.72, 0.14
3.49, 3.72, 3.35, 3.72, 0.14
3.49, 3.72, 3.35, 3.72, 0.14
3.49, 3.71, 3.35, 3.71, 0.14
3.49, 3.69, 3.35, 3.69, 0.14
3.49, 3.69, 3.35, 3.69, 0.14
3.49, 3.69, 3.35, 3.69, 0.14
3.49, 3.69, 3.35, 3.69, 0.14
3.49, 3.68, 3.35, 3.68, 0.14
3.49, 3.67, 3.35, 3.67, 0.14
3.49, 3.66, 3.35, 3.66, 0.14
3.49, 3.65, 3.35, 3.65, 0.14
3.48, 3.65, 3.35, 3.65, 0.13
3.48, 3.64, 3.35, 3.64, 0.13
3.48, 3.64, 3.35, 3.64, 0.13
3.49, 3.63, 3.35, 3.63, 0.14
3.49, 3.62, 3.35, 3.62, 0.14
3.49, 3.62, 3.35, 3.62, 0.14
3.49, 3.62, 3.35, 3.62, 0.14
3.49, 3.61, 3.35, 3.61, 0.14
3.49, 3.61, 3.35, 3.61, 0.14
3.49, 3.60, 3.35, 3.60, 0.14
3.49, 3.59, 3.35, 3.59, 0.14
3.49, 3.58, 3.35, 3.58, 0.14
3.49, 3.58, 3.35, 3.58, 0.14
3.49, 3.57, 3.35, 3.57, 0.14
3.49, 3.57, 3.35, 3.57, 0.14
3.49, 3.56, 3.35, 3.56, 0.14
3.49, 3.56, 3.35, 3.56, 0.14
3.49, 3.55, 3.35, 3.55, 0.14
3.49, 3.55, 3.35, 3.55, 0.14
3.49, 3.54, 3.35, 3.54, 0.14
3.49, 3.54, 3.35, 3.54, 0.14
3.49, 3.53, 3.35, 3.53, 0.14
3.49, 3.52, 3.35, 3.52, 0.14
3.49, 3.52, 3.35, 3.52, 0.14
3.49, 3.51, 3.35, 3.51, 0.14
3.49, 3.51, 3.35, 3.51, 0.14
3.49, 3.50, 3.35, 3.50, 0.14
3.49, 3.49, 3.35, 3.49, 0.14
3.49, 3.49, 3.35, 3.49, 0.14
3.49, 3.48, 3.35, 3.48, 0.14
3.49, 3.48, 3.35, 3.48, 0.14
3.49, 3.47, 3.35, 3.47, 0.14
3.49, 3.47, 3.35, 3.47, 0.14
3.49, 3.45, 3.35, 3.45, 0.14
3.49, 3.45, 3.35, 3.45, 0.14
3.49, 3.44, 3.35, 3.44, 0.14
3.49, 3.43, 3.35, 3.43, 0.14
3.49, 3.41, 3.35, 3.41, 0.14
3.49, 3.39, 3.35, 3.39, 0.14
3.49, 3.39, 3.35, 3.39, 0.14
3.49, 3.38, 3.35, 3.38, 0.14
3.50, 3.37, 3.35, 3.37, 0.15
3.49, 3.36, 3.35, 3.36, 0.14
3.50, 3.35, 3.35, 3.35, 0.15
3.50, 3.34, 3.35, 3.34, 0.15
3.50, 3.33, 3.35, 3.33, 0.15
3.50, 3.32, 3.35, 3.32, 0.15
3.49, 3.32, 3.35, 3.32, 0.14
3.49, 3.32, 3.35, 3.32, 0.14
3.49, 3.30, 3.35, 3.30, 0.14
3.49, 3.30, 3.35, 3.30, 0.14
3.49, 3.29, 3.35, 3.29, 0.14
3.49, 3.28, 3.35, 3.28, 0.14
3.49, 3.28, 3.35, 3.28, 0.14
3.49, 3.27, 3.35, 3.27, 0.14
3.49, 3.26, 3.35, 3.26, 0.14
3.49, 3.26, 3.35, 3.26, 0.14
3.49, 3.26, 3.35, 3.26, 0.14
3.49, 3.25, 3.35, 3.25, 0.14
3.49, 3.24, 3.35, 3.24, 0.14
3.49, 3.24, 3.35, 3.24, 0.14
3.49, 3.23, 3.35, 3.23, 0.14
3.49, 3.22, 3.35, 3.22, 0.14
3.49, 3.21, 3.35, 3.21, 0.14
3.49, 3.20, 3.35, 3.20, 0.14
3.49, 3.20, 3.35, 3.20, 0.14
3.49, 3.19, 3.35, 3.19, 0.14
3.49, 3.18, 3.35, 3.18, 0.14
3.49, 3.17, 3.35, 3.17, 0.14
3.49, 3.17, 3.35, 3.17, 0.14
3.49, 3.16, 3.35, 3.16, 0.14
3.49, 3.16, 3.35, 3.16, 0.14
3.49, 3.16, 3.35, 3.16, 0.14
3.49, 3.15, 3.35, 3.15, 0.14
3.49, 3.15, 3.35, 3.15, 0.14
3.49, 3.14, 3.35, 3.14, 0.14
3.49, 3.13, 3.35, 3.13, 0.14
3.50, 3.12, 3.35, 3.12, 0.15
3.50, 3.12, 3.35, 3.12, 0.15
3.50, 3.12, 3.35, 3.12, 0.15
3.50, 3.11, 3.35, 3.11, 0.15
3.50, 3.11, 3.35, 3.11, 0.15
3.50, 3.09, 3.35, 3.09, 0.15
3.50, 3.08, 3.35, 3.08, 0.15
3.50, 3.08, 3.35, 3.08, 0.15
3.50, 3.07, 3.35, 3.07, 0.15
3.50, 3.06, 3.35, 3.06, 0.15
3.50, 3.05, 3.35, 3.05, 0.15
3.50, 3.05, 3.35, 3.05, 0.15
3.50, 3.05, 3.35, 3.05, 0.15
3.50, 3.04, 3.35, 3.04, 0.15
3.50, 3.03, 3.35, 3.03, 0.15
3.50, 3.02, 3.35, 3.02, 0.15
3.50, 3.00, 3.35, 3.00, 0.15
3.50, 2.98, 3.35, 2.98, 0.15
3.51, 2.97, 3.35, 2.97, 0.16
3.51, 2.96, 3.35, 2.96, 0.16
3.51, 2.95, 3.35, 2.95, 0.16
3.51, 2.94, 3.35, 2.94, 0.16
3.51, 2.94, 3.35, 2.94, 0.16
3.51, 2.93, 3.35, 2.93, 0.16
3.51, 2.92, 3.35, 2.92, 0.16
3.51, 2.91, 3.35, 2.91, 0.16
3.51, 2.90, 3.35, 2.90, 0.16
3.51, 2.90, 3.35, 2.90, 0.16
3.51, 2.89, 3.35, 2.89, 0.16
3.50, 2.88, 3.35, 2.88, 0.15
3.51, 2.87, 3.35, 2.87, 0.16
3.51, 2.86, 3.35, 2.86, 0.16
3.51, 2.86, 3.35, 2.86, 0.16
3.51, 2.85, 3.35, 2.85, 0.16
3.51, 2.84, 3.35, 2.84, 0.16
3.51, 2.83, 3.35, 2.83, 0.16
3.51, 2.83, 3.35, 2.83, 0.16
3.51, 2.82, 3.35, 2.82, 0.16
3.51, 2.82, 3.35, 2.82, 0.16
3.51, 2.81, 3.35, 2.81, 0.16
3.51, 2.80, 3.35, 2.80, 0.16
3.51, 2.80, 3.35, 2.80, 0.16
3.51, 2.79, 3.35, 2.79, 0.16
3.51, 2.78, 3.35, 2.78, 0.16
3.51, 2.77, 3.35, 2.77, 0.16
3.51, 2.77, 3.35, 2.77, 0.16
3.51, 2.76, 3.35, 2.76, 0.16
3.51, 2.76, 3.35, 2.76, 0.16
3.51, 2.74, 3.35, 2.74, 0.16
3.52, 2.74, 3.35, 2.74, 0.17
3.52, 2.73, 3.35, 2.73, 0.17
3.52, 2.72, 3.35, 2.72, 0.17
3.51, 2.72, 3.35, 2.72, 0.16
3.51, 2.70, 3.35, 2.70, 0.16
3.51, 2.69, 3.35, 2.69, 0.16
3.52, 2.68, 3.35, 2.68, 0.17
3.52, 2.67, 3.35, 2.67, 0.17
3.52, 2.66, 3.35, 2.66, 0.17
3.51, 2.65, 3.35, 2.65, 0.16
3.51, 2.65, 3.35, 2.65, 0.16
3.51, 2.64, 3.35, 2.64, 0.16
3.51, 2.63, 3.35, 2.63, 0.16
3.51, 2.63, 3.35, 2.63, 0.16
3.51, 2.62, 3.35, 2.62, 0.16
3.51, 2.62, 3.35, 2.62, 0.16
3.51, 2.61, 3.35, 2.61, 0.16
3.51, 2.60, 3.35, 2.60, 0.16
3.52, 2.60, 3.35, 2.60, 0.17
3.51, 2.60, 3.35, 2.60, 0.16
3.51, 2.59, 3.35, 2.59, 0.16
3.51, 2.59, 3.35, 2.59, 0.16
3.51, 2.59, 3.35, 2.59, 0.16
3.51, 2.58, 3.35, 2.58, 0.16
3.51, 2.58, 3.35, 2.58, 0.16
3.51, 2.57, 3.35, 2.57, 0.16
3.52, 2.57, 3.35, 2.57, 0.17
3.51, 2.56, 3.35, 2.56, 0.16
3.52, 2.56, 3.35, 2.56, 0.17
3.51, 2.55, 3.35, 2.55, 0.16
3.52, 2.54, 3.35, 2.54, 0.17
3.51, 2.53, 3.35, 2.53, 0.16
3.52, 2.52, 3.35, 2.52, 0.17
3.52, 2.51, 3.35, 2.51, 0.17
3.52, 2.50, 3.35, 2.50, 0.17
3.52, 2.49, 3.35, 2.49, 0.17
3.52, 2.48, 3.35, 2.48, 0.17
3.52, 2.47, 3.35, 2.47, 0.17
3.52, 2.46, 3.35, 2.46, 0.17
3.52, 2.45, 3.35, 2.45, 0.17
3.52, 2.43, 3.35, 2.43, 0.17
3.52, 2.42, 3.35, 2.42, 0.17
3.51, 2.41, 3.35, 2.41, 0.16
3.51, 2.40, 3.35, 2.40, 0.16
3.51, 2.40, 3.35, 2.40, 0.16
3.51, 2.39, 3.35, 2.39, 0.16
3.51, 2.38, 3.35, 2.38, 0.16
3.51, 2.37, 3.35, 2.37, 0.16
3.51, 2.36, 3.35, 2.36, 0.16
3.51, 2.36, 3.35, 2.36, 0.16
3.51, 2.35, 3.35, 2.35, 0.16
3.51, 2.34, 3.35, 2.34, 0.16
3.50, 2.34, 3.35, 2.34, 0.15
3.50, 2.33, 3.35, 2.33, 0.15
3.50, 2.31, 3.35, 2.31, 0.15
3.50, 2.31, 3.35, 2.31, 0.15
3.50, 2.30, 3.35, 2.30, 0.15
3.50, 2.29, 3.35, 2.29, 0.15
3.51, 2.43, 3.35, 2.43, 0.16
3.50, 2.28, 3.35, 2.28, 0.15
3.51, 2.42, 3.35, 2.42, 0.16
3.51, 2.41, 3.35, 2.41, 0.16
3.50, 2.27, 3.35, 2.27, 0.15
3.50, 2.27, 3.35, 2.27, 0.15
3.51, 2.41, 3.35, 2.41, 0.16
3.50, 2.27, 3.35, 2.27, 0.15
3.51, 2.40, 3.35, 2.40, 0.16
3.50, 2.26, 3.35, 2.26, 0.15
3.51, 2.40, 3.35, 2.40, 0.16
3.49, 2.25, 3.35, 2.25, 0.14
3.51, 2.39, 3.35, 2.39, 0.16
3.49, 2.24, 3.35, 2.24, 0.14
3.51, 2.38, 3.35, 2.38, 0.16
3.49, 2.23, 3.35, 2.23, 0.14
3.51, 2.38, 3.35, 2.38, 0.16
3.51, 2.37, 3.35, 2.37, 0.16
3.49, 2.23, 3.35, 2.23, 0.14
3.49, 2.22, 3.35, 2.22, 0.14
3.50, 2.36, 3.35, 2.36, 0.15
3.49, 2.21, 3.35, 2.21, 0.14
3.50, 2.35, 3.35, 2.35, 0.15
3.49, 2.20, 3.35, 2.20, 0.14
3.50, 2.34, 3.35, 2.34, 0.15
3.49, 2.19, 3.35, 2.19, 0.14
3.50, 2.34, 3.35, 2.34, 0.15
3.48, 2.19, 3.35, 2.19, 0.13
3.50, 2.33, 3.35, 2.33, 0.15
3.48, 2.18, 3.35, 2.18, 0.13
3.50, 2.32, 3.35, 2.32, 0.15
3.50, 2.31, 3.35, 2.31, 0.15
3.49, 2.17, 3.35, 2.17, 0.14
3.48, 2.16, 3.35, 2.16, 0.13
3.48, 2.16, 3.35, 2.16, 0.13
3.50, 2.30, 3.35, 2.30, 0.15
3.48, 2.15, 3.35, 2.15, 0.13
3.50, 2.30, 3.35, 2.30, 0.15
3.48, 2.14, 3.35, 2.14, 0.13
3.50, 2.29, 3.35, 2.29, 0.15
3.50, 2.28, 3.35, 2.28, 0.15
3.48, 2.13, 3.35, 2.13, 0.13
3.50, 2.27, 3.35, 2.27, 0.15
3.48, 2.12, 3.35, 2.12, 0.13
3.50, 2.27, 3.35, 2.27, 0.15
3.50, 2.26, 3.35, 2.26, 0.15
3.48, 2.12, 3.35, 2.12, 0.13
3.48, 2.11, 3.35, 2.11, 0.13
3.48, 2.10, 3.35, 2.10, 0.13
3.50, 2.25, 3.35, 2.25, 0.15
3.48, 2.10, 3.35, 2.10, 0.13
3.50, 2.24, 3.35, 2.24, 0.15
3.50, 2.24, 3.35, 2.24, 0.15
3.48, 2.09, 3.35, 2.09, 0.13
3.50, 2.24, 3.35, 2.24, 0.15
3.48, 2.09, 3.35, 2.09, 0.13
3.50, 2.23, 3.35, 2.23, 0.15
3.48, 2.08, 3.35, 2.08, 0.13
3.50, 2.23, 3.35, 2.23, 0.15
3.48, 2.08, 3.35, 2.08, 0.13
3.48, 2.08, 3.35, 2.08, 0.13
3.50, 2.22, 3.35, 2.22, 0.15
3.48, 2.07, 3.35, 2.07, 0.13
3.50, 2.22, 3.35, 2.22, 0.15
3.50, 2.21, 3.35, 2.21, 0.15
3.48, 2.07, 3.35, 2.07, 0.13
3.50, 2.21, 3.35, 2.21, 0.15
3.48, 2.06, 3.35, 2.06, 0.13
3.50, 2.20, 3.35, 2.20, 0.15
3.50, 2.20, 3.35, 2.20, 0.15
3.50, 2.19, 3.35, 2.19, 0.15
3.50, 2.19, 3.35, 2.19, 0.15
3.50, 2.18, 3.35, 2.18, 0.15
3.50, 2.17, 3.35, 2.17, 0.15
3.50, 2.17, 3.35, 2.17, 0.15
3.50, 2.16, 3.35, 2.16, 0.15
3.51, 2.15, 3.35, 2.15, 0.16
3.51, 2.15, 3.35, 2.15, 0.16
3.51, 2.14, 3.35, 2.14, 0.16
3.51, 2.13, 3.35, 2.13, 0.16
3.51, 2.13, 3.35, 2.13, 0.16
3.51, 2.12, 3.35, 2.12, 0.16
3.51, 2.11, 3.35, 2.11, 0.16
3.51, 2.10, 3.35, 2.10, 0.16
3.52, 2.10, 3.35, 2.10, 0.17
3.52, 2.09, 3.35, 2.09, 0.17
3.52, 2.08, 3.35, 2.08, 0.17
3.52, 2.07, 3.35, 2.07, 0.17
3.52, 2.06, 3.35, 2.06, 0.17
3.52, 2.05, 3.35, 2.05, 0.17
3.52, 2.05, 3.35, 2.05, 0.17
3.52, 2.03, 3.35, 2.03, 0.17
3.52, 2.02, 3.35, 2.02, 0.17
3.52, 2.01, 3.35, 2.01, 0.17
3.52, 2.00, 3.35, 2.00, 0.17
3.52, 1.99, 3.35, 1.99, 0.17
3.52, 1.98, 3.35, 1.98, 0.17
3.52, 1.97, 3.35, 1.97, 0.17
3.52, 1.96, 3.35, 1.96, 0.17
3.52, 1.95, 3.35, 1.95, 0.17
3.52, 1.94, 3.35, 1.94, 0.17
3.52, 1.93, 3.35, 1.93, 0.17
3.52, 1.92, 3.35, 1.92, 0.17
3.52, 1.91, 3.35, 1.92, 0.17
3.52, 1.90, 3.35, 1.91, 0.17
3.52, 1.88, 3.35, 1.89, 0.17
3.52, 1.88, 3.35, 1.89, 0.17
3.52, 1.87, 3.35, 1.88, 0.17
3.52, 1.86, 3.35, 1.87, 0.17
3.51, 1.85, 3.35, 1.86, 0.16
3.51, 1.84, 3.35, 1.85, 0.17
3.51, 1.83, 3.34, 1.85, 0.17
3.50, 1.82, 3.34, 1.84, 0.16
3.50, 1.81, 3.34, 1.83, 0.16
3.50, 1.80, 3.34, 1.82, 0.16
3.49, 1.79, 3.34, 1.81, 0.15
3.49, 1.78, 3.34, 1.80, 0.15
3.49, 1.76, 3.34, 1.78, 0.15
3.48, 1.75, 3.34, 1.77, 0.15
3.48, 1.74, 3.33, 1.76, 0.15
3.48, 1.74, 3.33, 1.76, 0.15
3.48, 1.72, 3.33, 1.75, 0.15
3.48, 1.72, 3.33, 1.75, 0.15
3.47, 1.71, 3.33, 1.74, 0.14
3.47, 1.70, 3.33, 1.73, 0.15
3.47, 1.70, 3.33, 1.73, 0.15
3.47, 1.69, 3.33, 1.72, 0.15
3.47, 1.69, 3.33, 1.72, 0.15
3.47, 1.68, 3.32, 1.71, 0.15
3.46, 1.68, 3.32, 1.71, 0.14
3.46, 1.67, 3.32, 1.70, 0.14
3.46, 1.67, 3.32, 1.70, 0.14
3.46, 1.67, 3.32, 1.70, 0.14
3.46, 1.66, 3.32, 1.69, 0.14
3.46, 1.66, 3.32, 1.69, 0.14
3.46, 1.65, 3.32, 1.68, 0.15
3.46, 1.64, 3.32, 1.68, 0.15
3.46, 1.63, 3.31, 1.67, 0.15
3.45, 1.63, 3.31, 1.66, 0.14
3.46, 1.63, 3.31, 1.67, 0.15
3.45, 1.62, 3.31, 1.66, 0.14
3.45, 1.62, 3.31, 1.66, 0.14
3.45, 1.61, 3.31, 1.65, 0.15
3.45, 1.61, 3.31, 1.65, 0.15
3.45, 1.60, 3.31, 1.64, 0.15
3.45, 1.60, 3.31, 1.64, 0.15
3.45, 1.59, 3.30, 1.63, 0.15
3.44, 1.59, 3.30, 1.63, 0.14
3.44, 1.58, 3.30, 1.62, 0.14
3.44, 1.58, 3.30, 1.62, 0.14
3.44, 1.57, 3.30, 1.61, 0.15
3.44, 1.56, 3.30, 1.60, 0.15
3.44, 1.56, 3.30, 1.60, 0.15
3.44, 1.55, 3.29, 1.60, 0.15
3.43, 1.54, 3.29, 1.59, 0.15
3.43, 1.53, 3.29, 1.58, 0.15
3.43, 1.53, 3.29, 1.58, 0.15
3.43, 1.52, 3.28, 1.57, 0.15
3.42, 1.51, 3.28, 1.56, 0.15
3.42, 1.50, 3.28, 1.55, 0.15
3.42, 1.49, 3.28, 1.54, 0.15
3.41, 1.48, 3.27, 1.53, 0.15
3.41, 1.47, 3.27, 1.53, 0.15
3.40, 1.46, 3.26, 1.51, 0.15
3.40, 1.45, 3.26, 1.51, 0.15
3.40, 1.44, 3.26, 1.50, 0.15
3.39, 1.43, 3.25, 1.49, 0.15
3.39, 1.42, 3.25, 1.48, 0.15
3.38, 1.41, 3.25, 1.47, 0.15
3.38, 1.40, 3.24, 1.46, 0.15
3.37, 1.39, 3.24, 1.45, 0.15
3.37, 1.38, 3.23, 1.44, 0.15
3.36, 1.37, 3.23, 1.43, 0.15
3.35, 1.36, 3.22, 1.42, 0.14
3.35, 1.35, 3.22, 1.42, 0.15
3.34, 1.35, 3.22, 1.41, 0.14
3.34, 1.34, 3.21, 1.41, 0.14
3.33, 1.33, 3.21, 1.39, 0.14
3.33, 1.31, 3.20, 1.38, 0.15
3.32, 1.31, 3.20, 1.38, 0.14
3.32, 1.30, 3.20, 1.37, 0.14
3.31, 1.29, 3.19, 1.36, 0.14
3.31, 1.28, 3.19, 1.35, 0.14
3.30, 1.27, 3.18, 1.34, 0.14
3.30, 1.26, 3.17, 1.34, 0.15
3.28, 1.24, 3.16, 1.32, 0.14
3.27, 1.23, 3.16, 1.30, 0.14
3.27, 1.22, 3.15, 1.30, 0.14
3.26, 1.22, 3.15, 1.29, 0.13
3.26, 1.21, 3.14, 1.29, 0.14
3.25, 1.20, 3.14, 1.28, 0.14
3.25, 1.20, 3.14, 1.28, 0.14
3.24, 1.19, 3.13, 1.27, 0.13
3.24, 1.19, 3.13, 1.27, 0.13
3.23, 1.18, 3.12, 1.26, 0.13
3.23, 1.18, 3.12, 1.26, 0.13
3.22, 1.17, 3.12, 1.25, 0.13
3.22, 1.16, 3.11, 1.24, 0.14
3.21, 1.16, 3.11, 1.24, 0.13
3.21, 1.15, 3.10, 1.23, 0.13
3.20, 1.15, 3.10, 1.23, 0.13
3.19, 1.14, 3.09, 1.22, 0.12
3.19, 1.14, 3.09, 1.22, 0.12
3.19, 1.13, 3.09, 1.21, 0.13
3.18, 1.12, 3.08, 1.20, 0.13
3.17, 1.12, 3.08, 1.20, 0.12
3.17, 1.11, 3.07, 1.19, 0.13
3.16, 1.11, 3.07, 1.19, 0.12
3.16, 1.10, 3.06, 1.18, 0.13
3.15, 1.10, 3.06, 1.18, 0.12
3.15, 1.09, 3.06, 1.17, 0.13
3.14, 1.09, 3.05, 1.17, 0.12
3.14, 1.08, 3.05, 1.16, 0.12
3.14, 1.08, 3.05, 1.16, 0.12
3.13, 1.07, 3.04, 1.15, 0.12
3.13, 1.06, 3.03, 1.15, 0.13
3.12, 1.06, 3.03, 1.14, 0.12
3.12, 1.05, 3.03, 1.14, 0.13
3.11, 1.04, 3.02, 1.13, 0.13
3.10, 1.04, 3.01, 1.13, 0.12
3.10, 1.03, 3.01, 1.12, 0.13
3.09, 1.02, 3.00, 1.11, 0.13
3.09, 1.01, 2.99, 1.11, 0.14
3.08, 1.01, 2.99, 1.10, 0.13
3.08, 1.00, 2.98, 1.10, 0.14
3.07, 1.00, 2.98, 1.09, 0.13
3.07, 0.99, 2.98, 1.09, 0.14
3.06, 0.98, 2.97, 1.08, 0.14
3.06, 0.98, 2.97, 1.08, 0.14
3.05, 0.97, 2.96, 1.07, 0.14
3.05, 0.97, 2.96, 1.07, 0.14
3.04, 0.96, 2.95, 1.06, 0.14
3.03, 0.95, 2.94, 1.06, 0.14
3.02, 0.95, 2.93, 1.05, 0.13
3.02, 0.94, 2.93, 1.05, 0.14
3.01, 0.93, 2.92, 1.04, 0.14
3.01, 0.93, 2.92, 1.04, 0.14
3.00, 0.92, 2.91, 1.03, 0.14
3.00, 0.92, 2.91, 1.03, 0.14
2.99, 0.91, 2.90, 1.02, 0.14
2.99, 0.91, 2.90, 1.02, 0.14
2.98, 0.91, 2.89, 1.02, 0.14
2.98, 0.90, 2.89, 1.02, 0.15
2.97, 0.90, 2.88, 1.01, 0.14
2.96, 0.90, 2.88, 1.01, 0.13
2.96, 0.89, 2.87, 1.00, 0.14
2.95, 0.89, 2.87, 1.00, 0.14
2.95, 0.89, 2.87, 1.00, 0.14
2.94, 0.88, 2.86, 0.99, 0.14
2.94, 0.88, 2.86, 0.99, 0.14
2.93, 0.87, 2.85, 0.98, 0.14
2.92, 0.87, 2.84, 0.98, 0.13
2.91, 0.86, 2.83, 0.97, 0.14
2.91, 0.85, 2.83, 0.97, 0.15
2.90, 0.85, 2.82, 0.97, 0.14
2.89, 0.85, 2.82, 0.96, 0.13
2.88, 0.84, 2.81, 0.95, 0.14
2.87, 0.83, 2.79, 0.95, 0.14
2.86, 0.83, 2.79, 0.94, 0.13
2.85, 0.82, 2.78, 0.94, 0.14
2.84, 0.81, 2.77, 0.93, 0.14
2.83, 0.81, 2.76, 0.93, 0.14
2.82, 0.80, 2.75, 0.92, 0.14
2.81, 0.79, 2.74, 0.91, 0.14
2.80, 0.79, 2.73, 0.91, 0.14
2.79, 0.78, 2.72, 0.91, 0.14
2.78, 0.78, 2.72, 0.90, 0.14
2.78, 0.77, 2.71, 0.90, 0.15
2.77, 0.77, 2.70, 0.90, 0.14
2.76, 0.77, 2.70, 0.89, 0.14
2.75, 0.77, 2.69, 0.89, 0.13
2.74, 0.76, 2.68, 0.88, 0.14
2.73, 0.76, 2.67, 0.88, 0.13
2.73, 0.76, 2.67, 0.88, 0.13
2.72, 0.75, 2.66, 0.87, 0.14
2.71, 0.75, 2.65, 0.87, 0.13
2.70, 0.75, 2.65, 0.87, 0.13
2.69, 0.74, 2.64, 0.86, 0.13
2.68, 0.74, 2.63, 0.86, 0.13
2.67, 0.74, 2.62, 0.86, 0.13
2.67, 0.74, 2.62, 0.86, 0.13
2.66, 0.73, 2.61, 0.85, 0.13
2.65, 0.73, 2.60, 0.85, 0.13
2.64, 0.73, 2.59, 0.85, 0.12
2.63, 0.72, 2.58, 0.84, 0.13
2.62, 0.72, 2.58, 0.84, 0.13
2.61, 0.72, 2.57, 0.84, 0.12
2.60, 0.71, 2.56, 0.83, 0.13
2.59, 0.71, 2.55, 0.83, 0.13
2.58, 0.71, 2.54, 0.83, 0.12
2.57, 0.71, 2.53, 0.82, 0.12
2.56, 0.70, 2.52, 0.82, 0.13
2.55, 0.70, 2.51, 0.82, 0.12
2.54, 0.70, 2.50, 0.81, 0.12
2.54, 0.69, 2.50, 0.81, 0.13
2.53, 0.70, 2.50, 0.81, 0.12
2.52, 0.69, 2.49, 0.81, 0.12
2.51, 0.69, 2.48, 0.81, 0.12
2.50, 0.69, 2.47, 0.80, 0.12
2.49, 0.68, 2.46, 0.80, 0.12
2.48, 0.68, 2.45, 0.80, 0.12
2.47, 0.68, 2.44, 0.80, 0.12
2.47, 0.67, 2.44, 0.80, 0.13
2.46, 0.67, 2.43, 0.79, 0.13
2.45, 0.67, 2.42, 0.79, 0.12
2.44, 0.67, 2.41, 0.79, 0.12
2.44, 0.67, 2.41, 0.79, 0.12
2.44, 0.67, 2.41, 0.79, 0.12
2.43, 0.67, 2.40, 0.79, 0.12
2.43, 0.67, 2.40, 0.79, 0.12
2.43, 0.67, 2.40, 0.79, 0.12
2.43, 0.67, 2.40, 0.79, 0.12
2.43, 0.67, 2.40, 0.79, 0.12
2.43, 0.67, 2.40, 0.79, 0.12
2.43, 0.67, 2.40, 0.79, 0.12
2.43, 0.67, 2.40, 0.79, 0.12
2.43, 0.67, 2.40, 0.79, 0.12
2.43, 0.66, 2.40, 0.79, 0.13
2.43, 0.67, 2.40, 0.79, 0.12
2.43, 0.66, 2.40, 0.79, 0.13
2.42, 0.66, 2.39, 0.79, 0.13
2.42, 0.67, 2.40, 0.79, 0.12
2.42, 0.67, 2.40, 0.79, 0.12
2.42, 0.66, 2.39, 0.79, 0.13
2.42, 0.66, 2.39, 0.79, 0.13
2.41, 0.66, 2.39, 0.78, 0.13
2.41, 0.66, 2.39, 0.78, 0.13
2.41, 0.66, 2.39, 0.78, 0.13
2.41, 0.66, 2.39, 0.78, 0.13
2.41, 0.66, 2.39, 0.78, 0.13
2.41, 0.66, 2.39, 0.78, 0.13
2.40, 0.66, 2.38, 0.78, 0.12
2.40, 0.66, 2.38, 0.78, 0.12
2.40, 0.66, 2.38, 0.78, 0.12
2.40, 0.66, 2.38, 0.78, 0.12
2.40, 0.66, 2.38, 0.78, 0.12
2.39, 0.66, 2.37, 0.78, 0.12
2.39, 0.66, 2.37, 0.78, 0.12
2.39, 0.66, 2.37, 0.78, 0.12
2.39, 0.66, 2.37, 0.78, 0.12
2.38, 0.66, 2.36, 0.78, 0.12
2.38, 0.66, 2.36, 0.78, 0.12
2.38, 0.66, 2.36, 0.78, 0.12
2.38, 0.66, 2.36, 0.78, 0.12
2.38, 0.66, 2.36, 0.78, 0.12
2.38, 0.66, 2.36, 0.78, 0.12
2.37, 0.66, 2.35, 0.78, 0.12
2.37, 0.66, 2.35, 0.78, 0.12
2.37, 0.66, 2.35, 0.78, 0.12
2.37, 0.66, 2.35, 0.78, 0.12
2.37, 0.66, 2.35, 0.78, 0.12
2.37, 0.65, 2.35, 0.78, 0.13
2.37, 0.66, 2.35, 0.78, 0.12
2.37, 0.66, 2.35, 0.78, 0.12
2.37, 0.66, 2.35, 0.78, 0.12
2.37, 0.66, 2.35, 0.78, 0.12
2.37, 0.66, 2.35, 0.78, 0.12
2.37, 0.66, 2.35, 0.78, 0.12
2.37, 0.66, 2.35, 0.78, 0.12
2.37, 0.66, 2.35, 0.78, 0.12
2.37, 0.66, 2.35, 0.78, 0.12
2.37, 0.66, 2.35, 0.78, 0.12
2.37, 0.66, 2.35, 0.78, 0.12
2.37, 0.66, 2.35, 0.78, 0.12
2.37, 0.66, 2.35, 0.78, 0.12
2.37, 0.66, 2.35, 0.78, 0.12
2.37, 0.66, 2.35, 0.78, 0.12
2.37, 0.66, 2.35, 0.78, 0.12
2.37, 0.66, 2.35, 0.78, 0.12
2.37, 0.66, 2.35, 0.78, 0.12
2.37, 0.66, 2.35, 0.78, 0.12
2.37, 0.66, 2.35, 0.78, 0.12
2.37, 0.66, 2.35, 0.78, 0.12
2.37, 0.66, 2.35, 0.78, 0.12
2.37, 0.66, 2.35, 0.78, 0.12
2.37, 0.66, 2.35, 0.78, 0.12
2.37, 0.66, 2.35, 0.78, 0.12
2.37, 0.66, 2.35, 0.78, 0.12
2.37, 0.66, 2.35, 0.78, 0.12
2.37, 0.66, 2.35, 0.78, 0.12
2.37, 0.66, 2.35, 0.78, 0.12
2.37, 0.66, 2.35, 0.78, 0.12
2.37, 0.66, 2.35, 0.78, 0.12
2.37, 0.66, 2.35, 0.78, 0.12
2.37, 0.66, 2.35, 0.78, 0.12
2.37, 0.66, 2.35, 0.78, 0.12
2.37, 0.66, 2.35, 0.78, 0.12
2.37, 0.66, 2.35, 0.78, 0.12
